3.00000;255;30130;0;0;"Jean's (4)"
4.00000;17146;32836;7;0;"A Rianxeira (7)"
4.00000;4570;4570;0;0;"A Short Journey (1)"
4.00000;2068;2068;7;0;"Aird Ranters (2)"
4.00000;13887;30193;10;0;"Argeres (4)"
4.00000;107;107;7;0;"Atholl Highlanders, The (1)"
4.00000;6637;18294;7;0;"Balquhidder Lasses, The (4)"
4.00000;3993;32179;7;0;"Banjo Breakdown (1)"
4.00000;17416;33423;2;0;"Big Country (4)"
4.00000;2473;15783;7;0;"Breakdown (4)"
4.00000;12083;30928;7;0;"Carron Streams (1)"
4.00000;4368;25357;5;0;"Carrickfergus (4)"
4.00000;12397;31325;0;0;"Chinese Breakdown (4)"
4.00000;16;29449;7;0;"Clumsy Lover, The (4)"
4.00000;1945;15367;5;0;"Drummond Lasses, The (4)"
4.00000;11648;11648;10;0;"Failte Na Miosg (7)"
4.00000;1948;1948;7;0;"Fourth Floor, The (4)"
4.00000;12926;22366;0;0;"Fox Chase, The (1)"
4.00000;2464;2464;7;0;"Friel's (4)"
4.00000;3436;3436;0;0;"Gan Ainm (1)"
4.00000;3551;16578;5;0;"Hesleyside, The (4)"
4.00000;5522;5522;0;0;"Killoran's (4)"
4.00000;16572;31484;7;0;"Kingfisher (3)"
4.00000;9758;9758;2;0;"Lament For John Morris (7)"
4.00000;8085;19298;0;0;"Leaving Uist (7)"
4.00000;3461;3461;0;0;"Magic Foot (2)"
4.00000;12534;21057;7;0;"Master Andrew Grant (4)"
4.00000;5805;5805;2;0;"May Mist, The (1)"
4.00000;14367;26336;7;0;"Mie Moghrey Dhyts Y Gherjagh (4)"
4.00000;14171;25720;5;0;"Mountain Dew, The (4)"
4.00000;15468;28962;5;0;"Mr Christopher Moss, His Lament Upon The Passage Of Time (2)"
4.00000;346;13148;0;0;"Music For A Found Harmonium (4)"
4.00000;2652;2652;10;0;"My Lagan Love (3)"
4.00000;2365;2365;7;0;"North Highland Country Dance (1)"
4.00000;8700;8700;5;0;"Northern Lights Of Old Aberdeen, The (7)"
4.00000;8700;19630;5;0;"Northern Lights Of Old Aberdeen, The (7)"
4.00000;10648;10648;0;0;"Rubber Man, The (4)"
4.00000;11585;11585;10;0;"Runaway (6)"
4.00000;5550;17618;5;0;"Wild Rose Of The Mountain (7)"
5.00000;17726;34317;5;0;"23 (2)"
5.00000;13312;23281;5;0;"A Christmas (1)"
5.00000;16387;31037;7;0;"A Mhaire Ni Laoghaire (4)"
5.00000;1107;32775;0;0;"Ace And Deuce Of Pipering, The (0)"
5.00000;11865;11865;5;0;"Adam's Apple (1)"
5.00000;16403;31062;7;0;"Air Of Sunset Land, The (4)"
5.00000;8637;8637;0;0;"Alpine Horn, The (4)"
5.00000;4402;4402;7;0;"Am Faighir Muileach (2)"
5.00000;16727;31858;7;0;"Am Fear Liath Mor (4)"
5.00000;14878;27482;0;0;"An Ataireachd Ard (7)"
5.00000;9245;9245;7;0;"An Boithrin Bui (7)"
5.00000;9245;32474;5;0;"An Boithrin Bui (7)"
5.00000;13289;23210;5;0;"An Buinnean Bui (2)"
5.00000;5151;5151;2;0;"An Drochaid Chliùteach (7)"
5.00000;5151;20976;2;0;"An Drochaid Chliùteach (7)"
5.00000;9695;30671;2;0;"An Raibh Tú Ag An GCarraig? (7)"
5.00000;3278;3278;5;0;"Andy McGann's (4)"
5.00000;13294;23226;5;0;"Annwyl Ioan (4)"
5.00000;15342;28603;0;0;"Arrival Of The Queen Of Sheba, The (4)"
5.00000;15342;28603;4;0;"Arrival Of The Queen Of Sheba, The (4)"
5.00000;15342;28603;7;0;"Arrival Of The Queen Of Sheba, The (4)"
5.00000;15342;28603;10;0;"Arrival Of The Queen Of Sheba, The (4)"
5.00000;12380;20634;7;0;"At Dooley's With Ollie (1)"
5.00000;11127;11127;0;0;"Baloo, Lammy (7)"
5.00000;13358;25413;5;0;"Bean Dubh An Ghleanna (4)"
5.00000;13818;30846;7;0;"Big Sea Ballad (4)"
5.00000;11306;21376;5;0;"Bird's, The (0)"
5.00000;7454;31668;2;0;"Black Is The Colour (3)"
5.00000;7852;7852;5;0;"Blowzabella (1)"
5.00000;15538;29117;2;0;"Blue Angel (4)"
5.00000;2402;2402;10;0;"Blue Bonnets Over The Border (1)"
5.00000;270;30423;0;0;"Bobby Casey's (4)"
5.00000;2080;2080;0;0;"Bonaparte's Retreat (4)"
5.00000;2080;29784;0;0;"Bonaparte's Retreat (4)"
5.00000;10175;27711;2;0;"Boo Baby's Lullaby (7)"
5.00000;10175;32327;0;0;"Boo Baby's Lullaby (7)"
5.00000;17486;33564;7;0;"Boxing, The (4)"
5.00000;8888;8888;7;0;"Brandy Culotté (4)"
5.00000;2176;2176;5;0;"Breton Wedding March, The (4)"
5.00000;9406;9406;2;0;"Bretonia (4)"
5.00000;12892;22065;5;0;"Bridget Cruise (7)"
5.00000;17682;34160;0;0;"Brureslag (2)"
5.00000;8140;19336;0;0;"Bugle Horn, The (3)"
5.00000;8649;8649;0;0;"By Way Of The Dow (1)"
5.00000;2864;16073;7;0;"Cameron Highlander, The (2)"
5.00000;10732;28233;7;0;"Captain Lachlan MacPhail Of Tiree (4)"
5.00000;10072;10072;0;0;"Caught In The Net (0)"
5.00000;3130;3130;10;0;"Celtic Thunder (4)"
5.00000;777;13905;7;0;"Clare's Dragoons (4)"
5.00000;15975;30076;2;0;"Close Of An Irish Day, The (7)"
5.00000;11019;11019;7;0;"Cloud Nine (4)"
5.00000;10006;10006;7;0;"Cluck Old Hen (2)"
5.00000;16;16;7;0;"Clumsy Lover, The (4)"
5.00000;16;21146;7;0;"Clumsy Lover, The (4)"
5.00000;1209;22358;0;0;"Colonel Fraser's (4)"
5.00000;8812;19718;0;0;"Connemara, The (0)"
5.00000;373;13191;0;0;"Connie The Soldier (1)"
5.00000;1282;1282;0;0;"Convelescent, The (7)"
5.00000;6725;18354;0;0;"Cow That Ate The Blanket, The (4)"
5.00000;16216;30636;7;0;"Craigie Dhu (4)"
5.00000;12821;21869;7;0;"Creg Willy Syl (1)"
5.00000;2117;2117;7;0;"Crossing The Minch (0)"
5.00000;2117;15501;7;0;"Crossing The Minch (0)"
5.00000;878;14059;2;0;"Da Full Rigged Ship (1)"
5.00000;878;32734;2;0;"Da Full Rigged Ship (1)"
5.00000;3108;3108;7;0;"Dai Promise's Gondola (0)"
5.00000;11711;20715;7;0;"Dandy Dancer, The (1)"
5.00000;15162;28114;7;0;"Daniel Pearl Dedication Tune (7)"
5.00000;4724;25629;5;0;"Darby's Farewell To London (4)"
5.00000;16297;30842;0;0;"Darklight (4)"
5.00000;16297;30842;2;0;"Darklight (4)"
5.00000;16297;30842;4;0;"Darklight (4)"
5.00000;16320;30896;2;0;"David Of The White Rock (7)"
5.00000;3780;3780;10;0;"Dérobée De Guingamp (1)"
5.00000;17387;33358;7;0;"Diet Lemon Spade (1)"
5.00000;3028;22727;5;0;"Dominic's Farewell To Cashel (1)"
5.00000;8913;8913;7;0;"Donella Beaton (1)"
5.00000;5796;17737;0;0;"Doon Highland, The (2)"
5.00000;13793;30856;2;0;"Dreaming Of The Bones, The (4)"
5.00000;13793;30856;4;0;"Dreaming Of The Bones, The (4)"
5.00000;13793;30856;9;0;"Dreaming Of The Bones, The (4)"
5.00000;9093;9093;5;0;"Drunken Hussar, The (1)"
5.00000;4323;27684;0;0;"Dusty Miller, The (6)"
5.00000;12246;12246;5;0;"Duvil's (2)"
5.00000;955;26344;7;0;"Easy Club, The (4)"
5.00000;10319;30875;5;0;"Easter Snow (6)"
5.00000;15101;28011;2;0;"Elfin, The (7)"
5.00000;15101;28010;5;0;"Elfin, The (7)"
5.00000;953;14150;5;0;"Elizabeth Kelly's Delight (6)"
5.00000;16846;32093;7;0;"Ellin (3)"
5.00000;16846;32094;2;0;"Ellin (3)"
5.00000;16846;33824;7;0;"Ellin (3)"
5.00000;16846;33825;7;0;"Ellin (3)"
5.00000;16846;33826;7;0;"Ellin (3)"
5.00000;16119;30382;0;0;"Errigal Braes (4)"
5.00000;15849;29817;7;0;"Escapade In A Minor (4)"
5.00000;14351;26292;7;0;"Evening Prayer Blues (4)"
5.00000;16293;30837;9;0;"Fading Days (4)"
5.00000;243;243;0;0;"Fairy Queen, The (7)"
5.00000;957;14157;7;0;"Fanny Power (1)"
5.00000;4403;22782;0;0;"Farewell To Ireland (4)"
5.00000;3211;3211;0;0;"Farewell To Leitrim (4)"
5.00000;3211;16284;0;0;"Farewell To Leitrim (4)"
5.00000;8939;8939;7;0;"Fear A Phige (2)"
5.00000;219;219;5;0;"Fermoy Lasses, The (4)"
5.00000;11451;11451;2;0;"Fesker Ma (1)"
5.00000;195;12851;5;0;"Flogging, The (4)"
5.00000;7615;7615;5;0;"For Oliver (1)"
5.00000;1948;31370;7;0;"Fourth Floor, The (4)"
5.00000;1948;31369;7;0;"Fourth Floor, The (4)"
5.00000;12926;22144;0;0;"Fox Chase, The (1)"
5.00000;12926;22144;5;0;"Fox Chase, The (1)"
5.00000;12926;22144;7;0;"Fox Chase, The (1)"
5.00000;12926;22365;5;0;"Fox Chase, The (1)"
5.00000;12926;22367;5;0;"Fox Chase, The (1)"
5.00000;12926;22367;7;0;"Fox Chase, The (1)"
5.00000;31;31;0;0;"Franc A'Phoill (1)"
5.00000;31;12491;0;0;"Franc A'Phoill (1)"
5.00000;31;12423;0;0;"Franc A'Phoill (1)"
5.00000;6961;26876;7;0;"Galician (1)"
5.00000;6961;6961;7;0;"Galician (1)"
5.00000;4584;4584;7;0;"Gan Aim (1)"
5.00000;3805;3805;0;0;"Gan Ainm (4)"
5.00000;6770;6770;0;0;"Gan Ainm (1)"
5.00000;9062;9062;7;0;"Gan Ainm (4)"
5.00000;10524;10524;2;0;"Gan Ainm (7)"
5.00000;15624;29317;9;0;"Gan Ainm (4)"
5.00000;11698;11698;0;0;"Gentle Light That Wakes Me, The (4)"
5.00000;11698;20813;0;0;"Gentle Light That Wakes Me, The (4)"
5.00000;11698;32309;0;0;"Gentle Light That Wakes Me, The (4)"
5.00000;13640;24192;5;0;"Gervaise Brawl (3)"
5.00000;13640;24249;0;0;"Gervaise Brawl (3)"
5.00000;1181;1181;7;0;"Glasgow City Police Pipers (1)"
5.00000;10156;10156;5;0;"Glaspolska (7)"
5.00000;15285;28472;5;0;"Good Ship Sirius, The (1)"
5.00000;11164;11164;0;0;"Grainne's Grace (7)"
5.00000;8113;8113;2;0;"Green Isle (7)"
5.00000;6360;21023;5;0;"Grinders, The (6)"
5.00000;6360;21024;5;0;"Grinders, The (6)"
5.00000;6360;21025;5;0;"Grinders, The (6)"
5.00000;12987;22306;5;0;"Handsome Ploughboy, The (4)"
5.00000;7374;7374;5;0;"Haneros Haluli (2)"
5.00000;16885;32163;5;0;"Hava Nagila (4)"
5.00000;16885;32184;7;0;"Hava Nagila (4)"
5.00000;1292;14600;0;0;"Hector The Hero (7)"
5.00000;11058;20564;0;0;"Henri The Lobster (4)"
5.00000;11058;11058;2;0;"Henri The Lobster (4)"
5.00000;1263;14572;5;0;"Her Long Dark Hair Flowing Down Her Back (0)"
5.00000;1118;29046;7;0;"High Road To Linton, The (4)"
5.00000;16094;30338;0;0;"Hound And The Hare, The (1)"
5.00000;16094;30338;7;0;"Hound And The Hare, The (1)"
5.00000;210;210;0;0;"Humours Of Ballyloughlin, The (1)"
5.00000;210;2415;0;0;"Humours Of Ballyloughlin, The (1)"
5.00000;15271;28443;7;0;"Hurricane Bob (4)"
5.00000;11200;11200;9;0;"Imhewin (7)"
5.00000;3931;3931;7;0;"Itchy Fingers (4)"
5.00000;3931;29442;0;0;"Itchy Fingers (4)"
5.00000;17013;32486;0;0;"Jackdaw, The (7)"
5.00000;10859;20513;7;0;"Jackson's (0)"
5.00000;1492;14877;7;0;"James Kelly's (6)"
5.00000;1492;14879;7;0;"James Kelly's (6)"
5.00000;1357;27336;7;0;"Jenny Picking Cockles (4)"
5.00000;8294;19444;7;0;"Jig Of Beer (1)"
5.00000;35;12444;0;0;"Jig Of Slurs, The (1)"
5.00000;35;12444;5;0;"Jig Of Slurs, The (1)"
5.00000;35;21484;5;0;"Jig Of Slurs, The (1)"
5.00000;35;26358;5;0;"Jig Of Slurs, The (1)"
5.00000;35;29236;10;0;"Jig Of Slurs, The (1)"
5.00000;35;31372;0;0;"Jig Of Slurs, The (1)"
5.00000;35;31372;5;0;"Jig Of Slurs, The (1)"
5.00000;15909;29928;7;0;"Jimmy Findlater (4)"
5.00000;793;793;5;0;"Jimmy Ward's (1)"
5.00000;7938;7938;7;0;"Joe Cassidy's (4)"
5.00000;7938;25319;5;0;"Joe Cassidy's (4)"
5.00000;17492;33584;5;0;"John Joe Hartnett's (5)"
5.00000;8284;19435;7;0;"John O'Dwyer Of The Glen (7)"
5.00000;8284;19435;9;0;"John O'Dwyer Of The Glen (7)"
5.00000;8284;19436;7;0;"John O'Dwyer Of The Glen (7)"
5.00000;8284;19436;9;0;"John O'Dwyer Of The Glen (7)"
5.00000;8284;32489;5;0;"John O'Dwyer Of The Glen (7)"
5.00000;1460;1460;2;0;"Jonny's Funky Fiddle (4)"
5.00000;9132;9132;7;0;"June McCormack's (1)"
5.00000;16110;30371;1;0;"Kas A Bar (4)"
5.00000;4831;4831;7;0;"Kicking (1)"
5.00000;7648;7648;0;0;"Kilfenora, The (4)"
5.00000;16619;31606;0;0;"Kilfenora, The (4)"
5.00000;7514;7514;5;0;"King, The (1)"
5.00000;11842;11842;0;0;"Kingussie, The (7)"
5.00000;7576;7576;0;0;"Kissing And Drinking (1)"
5.00000;2012;2012;7;0;"Kitchenpiper, The (0)"
5.00000;2012;15423;7;0;"Kitchenpiper, The (0)"
5.00000;16914;32227;7;0;"Kitty Tyrell (7)"
5.00000;6653;18313;2;0;"La Complainte Du Folkloriste (7)"
5.00000;7578;7578;5;0;"Lady Madelina Sinclair's Birthday (2)"
5.00000;7578;19026;8;0;"Lady Madelina Sinclair's Birthday (2)"
5.00000;10355;10355;3;0;"Lady Walpole's (4)"
5.00000;7586;7586;5;0;"Lament For Brendan Breathnach (7)"
5.00000;8271;8271;5;0;"Lasses Of Ballintra, The (4)"
5.00000;5909;17813;0;0;"Last Night's Fun (6)"
5.00000;7993;28436;0;0;"Last Train From Loughrea (1)"
5.00000;852;852;0;0;"Leppadumdowledum (6)"
5.00000;5575;17628;2;0;"Life Ain't So Bad (4)"
5.00000;3563;26054;0;0;"Light And Airy (1)"
5.00000;17696;34199;7;0;"Little Rabbit (4)"
5.00000;3450;3450;5;0;"Lochailort Fiddlers (4)"
5.00000;7782;19123;0;0;"Looby Light (6)"
5.00000;7782;7782;0;0;"Looby Light (6)"
5.00000;15880;29869;7;0;"Lost Time (4)"
5.00000;3766;3766;0;0;"Lovers' (7)"
5.00000;3766;3766;5;0;"Lovers' (7)"
5.00000;3766;3766;7;0;"Lovers' (7)"
5.00000;15322;28555;0;0;"Lowthers, The (1)"
5.00000;2724;15964;7;0;"Mac's Fancy (1)"
5.00000;2724;29593;7;0;"Mac's Fancy (1)"
5.00000;2221;2221;2;0;"MacArthur Road (4)"
5.00000;2221;24532;7;0;"MacArthur Road (4)"
5.00000;3461;21603;2;0;"Magic Foot (2)"
5.00000;3461;21602;0;0;"Magic Foot (2)"
5.00000;9219;9219;7;0;"Maids Of Palmyra, The (1)"
5.00000;13174;22754;5;0;"Maple Leaf Rag (2)"
5.00000;15160;28112;0;0;"Marcha Das Burgas (2)"
5.00000;9068;19875;9;0;"Margaret Cromar (7)"
5.00000;9750;20104;0;0;"Marquis Of Huntly's, The (2)"
5.00000;281;25866;2;0;"Master Crowley's (4)"
5.00000;2390;2390;7;0;"Matthew's (3)"
5.00000;8547;29898;7;0;"May Morning Dew, The (2)"
5.00000;10432;20372;0;0;"Men Of The West, The (7)"
5.00000;70;70;5;0;"Merrily Kissed The Quaker (5)"
5.00000;70;24522;5;0;"Merrily Kissed The Quaker (5)"
5.00000;4585;34065;9;0;"Metsäkukkia (7)"
5.00000;16269;30791;5;0;"Midnight Walker (7)"
5.00000;12097;12097;7;0;"Millers O' Cowdenbeath, The (1)"
5.00000;5079;17395;0;0;"Mist In The Morning (1)"
5.00000;3890;16797;5;0;"Mná Na HÉireann (2)"
5.00000;749;24154;0;0;"Molly Put The Kettle On (4)"
5.00000;749;30858;0;0;"Molly Put The Kettle On (4)"
5.00000;9520;20037;5;0;"Monvara Bridge (3)"
5.00000;5944;17841;5;0;"Mrs. Halpin's Favorite (4)"
5.00000;480;13375;7;0;"Mrs. Kinney's (7)"
5.00000;480;13377;7;0;"Mrs. Kinney's (7)"
5.00000;16698;31782;7;0;"Muiñeiras Do Cuarto Baleiro (1)"
5.00000;10954;10954;7;0;"Mull Of The Mountains (7)"
5.00000;10416;10416;7;0;"Muneira De Barganaz (1)"
5.00000;73;23902;9;0;"Musical Priest, The (4)"
5.00000;972;14169;7;0;"New Irish (2)"
5.00000;5483;5483;7;0;"Night Cap, The (1)"
5.00000;9124;9124;2;0;"Nocturne (7)"
5.00000;9124;9124;9;0;"Nocturne (7)"
5.00000;6648;6648;5;0;"Norah Creeney (5)"
5.00000;8700;19631;5;0;"Northern Lights Of Old Aberdeen, The (7)"
5.00000;3644;3644;5;0;"One-Horned Sheep, The (1)"
5.00000;3644;16657;5;0;"One-Horned Sheep, The (1)"
5.00000;3644;33999;5;0;"One-Horned Sheep, The (1)"
5.00000;9653;9653;7;0;"Ongo Bucharesti (4)"
5.00000;10914;10914;0;0;"Operation Knoydart (4)"
5.00000;741;13825;7;0;"Paddy O'Rafferty (1)"
5.00000;7896;7896;5;0;"Paddy The Ahhhhh (4)"
5.00000;7896;7896;9;0;"Paddy The Ahhhhh (4)"
5.00000;15998;30133;0;0;"Paddy The Piper (1)"
5.00000;4814;4814;5;0;"Paddy's (3)"
5.00000;1303;25430;0;0;"Paddy's Trip To Scotland (4)"
5.00000;1303;25430;7;0;"Paddy's Trip To Scotland (4)"
5.00000;13588;24083;0;0;"Pantaloon Quadrille, The (1)"
5.00000;5654;18979;0;0;"Parnell's March (1)"
5.00000;1964;15397;0;0;"Pat Ward's (5)"
5.00000;3010;22884;0;0;"Pauline's Place (4)"
5.00000;2346;2346;7;0;"Pee In The Dark (4)"
5.00000;10928;10928;2;0;"Personent Hodie (4)"
5.00000;13238;23042;7;0;"Plains Of Waterloo, The (2)"
5.00000;12809;30940;5;0;"Planxty Drew (1)"
5.00000;1811;30752;5;0;"Pórt Na BPúcaí (7)"
5.00000;15221;28307;5;0;"Prayer Of Long Resolve (7)"
5.00000;15221;28307;9;0;"Prayer Of Long Resolve (7)"
5.00000;2589;29844;7;0;"Pressed For Time (4)"
5.00000;12599;21197;2;0;"Princess Elisa Bonaparte's (7)"
5.00000;12270;32083;5;0;"Quaker's Wife, The (1)"
5.00000;2528;27976;11;0;"Reel Du Pendu (4)"
5.00000;7019;7019;0;0;"Remember Me (0)"
5.00000;7019;18604;0;0;"Remember Me (0)"
5.00000;7534;7534;2;0;"Road To Maldon, The (1)"
5.00000;6058;6058;9;0;"Romanian Fantasy (7)"
5.00000;16489;32498;0;0;"Roy's Hands (7)"
5.00000;16489;32498;4;0;"Roy's Hands (7)"
5.00000;16489;32498;7;0;"Roy's Hands (7)"
5.00000;16489;31284;0;0;"Roy's Hands (7)"
5.00000;16489;31284;4;0;"Roy's Hands (7)"
5.00000;11585;26203;0;0;"Runaway (6)"
5.00000;7276;7276;0;0;"Sadegurer Khosid (2)"
5.00000;7276;18802;2;0;"Sadegurer Khosid (2)"
5.00000;7276;18803;9;0;"Sadegurer Khosid (2)"
5.00000;15856;29826;0;0;"Saltón Del Medio (4)"
5.00000;12631;21251;0;0;"Sarsfield's March (3)"
5.00000;1764;1764;5;0;"Scartaglen, The (3)"
5.00000;2714;2714;0;0;"Sean McGlynn's (1)"
5.00000;280;280;10;0;"Seanamhac Tube Station (1)"
5.00000;700;13766;0;0;"Seany Dorris (4)"
5.00000;449;13326;5;0;"Sí Beag Sí Mór (7)"
5.00000;8137;19332;0;0;"Sloe, The (3)"
5.00000;6700;6700;2;0;"Southern Cross (1)"
5.00000;8691;19618;10;0;"Spot, The (0)"
5.00000;3967;3967;2;0;"Spotted Dog, The (1)"
5.00000;3967;3967;7;0;"Spotted Dog, The (1)"
5.00000;3967;25075;5;0;"Spotted Dog, The (1)"
5.00000;1249;14559;5;0;"Stage, The (0)"
5.00000;4320;17015;7;0;"Star Of The County Down, The (2)"
5.00000;4320;22407;7;0;"Star Of The County Down, The (2)"
5.00000;10471;10471;7;0;"Stomach Steinway Man (4)"
5.00000;10471;20391;7;0;"Stomach Steinway Man (4)"
5.00000;16814;32022;5;0;"Surfing Bride, The (3)"
5.00000;8635;19582;5;0;"Swedish Scales (4)"
5.00000;1120;1120;5;0;"Tame Her When Da Snaw Comes (4)"
5.00000;10801;27784;5;0;"Temple In The Glen, The (4)"
5.00000;1703;1703;0;0;"That's Right Too! (4)"
5.00000;9030;9030;7;0;"Three Around Three (2)"
5.00000;12582;21150;0;0;"Three-Footed Chestnut, The (7)"
5.00000;9434;9434;5;0;"Tibetan National Anthem (4)"
5.00000;4871;17306;0;0;"Tom Hark (0)"
5.00000;440;13303;5;0;"Tommy Coen's (4)"
5.00000;5900;17802;5;0;"Town Of Cootehill, The (1)"
5.00000;16221;30652;5;0;"Tumbleweed, The (3)"
5.00000;8322;19456;7;0;"Two Nice Eyes (4)"
5.00000;11687;11687;0;0;"Uncle's (1)"
5.00000;7104;7104;7;0;"Up South (4)"
5.00000;3316;16384;5;0;"Varsovienne (7)"
5.00000;3316;16385;8;0;"Varsovienne (7)"
5.00000;5756;5756;5;0;"Waltz Of The White Lilies (7)"
5.00000;6946;18534;0;0;"Wattentaler, The (7)"
5.00000;6946;22052;0;0;"Wattentaler, The (7)"
5.00000;6946;22053;5;0;"Wattentaler, The (7)"
5.00000;6946;22054;5;0;"Wattentaler, The (7)"
5.00000;4703;17219;7;0;"Whiskey, The (1)"
5.00000;14473;26620;5;0;"Willie Clancy's (5)"
5.00000;7463;7463;5;0;"Wind Chimes And Nursery Rhymes (7)"
5.00000;9867;32261;7;0;"Winyadepla (3)"
5.00000;10708;10708;2;0;"Yeah Little Bird, Sing To Me! (4)"
5.00000;13031;22405;0;0;"Yn Bollan Bane (1)"
5.00000;13031;22427;0;0;"Yn Bollan Bane (1)"
5.00000;10734;10734;7;0;"Youngest Ancient Mariner, The (7)"
5.00000;10734;23246;5;0;"Youngest Ancient Mariner, The (7)"
6.00000;2711;15944;9;0;"250 To Vigo (4)"
6.00000;16834;32074;5;0;"A Beigele (3)"
6.00000;10876;20518;5;0;"A Birthday (3)"
6.00000;10876;20519;5;0;"A Birthday (3)"
6.00000;9105;19904;0;0;"A Dram At The Wake (3)"
6.00000;14361;26313;7;0;"A L'envers (6)"
6.00000;8124;8124;0;0;"A Nation Once Again (2)"
6.00000;8124;19317;0;0;"A Nation Once Again (2)"
6.00000;7294;27480;5;0;"A Night At The Fair (1)"
6.00000;14581;32797;5;0;"After The Sun Goes Down (4)"
6.00000;3739;22136;7;0;"A Thousand Farewells (5)"
6.00000;7543;7543;0;0;"A Trip To Highgate (1)"
6.00000;8560;19558;7;0;"A Trip To The Lakes (1)"
6.00000;8395;33057;7;0;"A Tune For Emily Ball (4)"
6.00000;477;13372;5;0;"Abbey, The (4)"
6.00000;13530;23925;7;0;"Abraham's (4)"
6.00000;5554;5554;3;0;"Absent Friends (4)"
6.00000;5554;17619;5;0;"Absent Friends (4)"
6.00000;1107;1107;5;0;"Ace And Deuce Of Pipering, The (0)"
6.00000;1107;21300;5;0;"Ace And Deuce Of Pipering, The (0)"
6.00000;1107;31142;5;0;"Ace And Deuce Of Pipering, The (0)"
6.00000;16001;30138;5;0;"Adulterated American (4)"
6.00000;12797;21784;0;0;"After The Ball (7)"
6.00000;14581;26860;5;0;"After The Sun Goes Down (4)"
6.00000;16719;31843;0;0;"An Pólca Síneach (3)"
6.00000;577;577;5;0;"Ah Surely (4)"
6.00000;577;30503;5;0;"Ah Surely (4)"
6.00000;8475;30414;5;0;"Alan MacPherson Of Mosspark (1)"
6.00000;8475;8475;7;0;"Alan MacPherson Of Mosspark (1)"
6.00000;8475;30060;5;0;"Alan MacPherson Of Mosspark (1)"
6.00000;8576;8576;3;0;"Alasdair's Tune (4)"
6.00000;8576;25331;0;0;"Alasdair's Tune (4)"
6.00000;3527;3527;2;0;"Alex Burke's (1)"
6.00000;12034;12034;5;0;"Alfie Joe Denning's (4)"
6.00000;15332;28575;7;0;"Ali Bobo (2)"
6.00000;14790;27299;2;0;"All The Rage (1)"
6.00000;6788;6788;0;0;"All Those Endearing Young Charms (7)"
6.00000;6788;26196;5;0;"All Those Endearing Young Charms (7)"
6.00000;1162;1162;0;0;"Allie Crocker's (4)"
6.00000;10987;10987;2;0;"Ally Bally (1)"
6.00000;3825;16755;7;0;"American Polka, The (0)"
6.00000;5983;5983;3;0;"Aly's (7)"
6.00000;6939;18526;0;0;"Amelia's (7)"
6.00000;6939;18526;7;0;"Amelia's (7)"
6.00000;814;814;2;0;"Amhrán Na Leabhar (7)"
6.00000;4123;25418;5;0;"An Buachaill Caol Dubh (7)"
6.00000;13289;23210;10;0;"An Buinnean Bui (2)"
6.00000;5203;5203;5;0;"An Chúilfhionn March (3)"
6.00000;5203;32453;5;0;"An Chúilfhionn March (3)"
6.00000;11905;11905;2;0;"An Draigheann (7)"
6.00000;11905;27277;7;0;"An Draigheann (7)"
6.00000;14126;25623;7;0;"An Dro Evit Jakeza (4)"
6.00000;5151;20991;2;0;"An Drochaid Chliùteach (7)"
6.00000;5151;11438;2;0;"An Drochaid Chliùteach (7)"
6.00000;5151;20977;2;0;"An Drochaid Chliùteach (7)"
6.00000;14764;27257;7;0;"An Eala Bhan (1)"
6.00000;3611;3611;7;0;"An Peata Sa Chistineach (1)"
6.00000;3611;25927;5;0;"An Peata Sa Chistineach (1)"
6.00000;10598;10598;2;0;"An Tunnag (1)"
6.00000;3278;16341;5;0;"Andy McGann's (4)"
6.00000;11892;11892;7;0;"Angels From The Ashes (7)"
6.00000;13415;23614;7;0;"Angus Donald Beaton's Lament (7)"
6.00000;11681;11681;7;0;"Annaghbeg, The (3)"
6.00000;13294;23229;5;0;"Annwyl Ioan (4)"
6.00000;2989;30173;2;0;"Anvil, The (4)"
6.00000;2989;30173;7;0;"Anvil, The (4)"
6.00000;17691;34189;0;0;"April Storm (1)"
6.00000;10649;10649;5;0;"Ar Lan Y Mor (2)"
6.00000;10649;20462;5;0;"Ar Lan Y Mor (2)"
6.00000;10649;20463;0;0;"Ar Lan Y Mor (2)"
6.00000;2074;31830;7;0;"Are You Willing? (4)"
6.00000;7217;7217;4;0;"Argan Mor (0)"
6.00000;7217;7217;7;0;"Argan Mor (0)"
6.00000;986;14187;2;0;"Arran Boat Song, The (1)"
6.00000;15342;28603;2;0;"Arrival Of The Queen Of Sheba, The (4)"
6.00000;417;417;0;0;"Arthur Darley's (1)"
6.00000;417;13272;0;0;"Arthur Darley's (1)"
6.00000;417;28832;0;0;"Arthur Darley's (1)"
6.00000;6189;6189;9;0;"Ashes (1)"
6.00000;13326;23323;0;0;"Astro's Rough Day (1)"
6.00000;12380;20643;7;0;"At Dooley's With Ollie (1)"
6.00000;1919;1919;7;0;"Athol Brose (2)"
6.00000;10356;10356;7;0;"Athols Father (2)"
6.00000;12441;30952;5;0;"Auld Lang Syne (4)"
6.00000;4728;17229;0;0;"Auld Wheel, The (4)"
6.00000;9165;9165;7;0;"Aunt Hessie's White Horse (2)"
6.00000;12848;21961;0;0;"Autumn Leaves (2)"
6.00000;11286;27414;5;0;"Avonmore, The (4)"
6.00000;11286;11286;0;0;"Avonmore, The (4)"
6.00000;11326;11326;0;0;"Baby Broon (4)"
6.00000;1218;14518;11;0;"Cock O' The North (1)"
6.00000;8989;8989;0;0;"Bagpipe March (2)"
6.00000;8989;19817;0;0;"Bagpipe March (2)"
6.00000;8989;19818;7;0;"Bagpipe March (2)"
6.00000;3256;3256;0;0;"Baidin Fheilimi (5)"
6.00000;3256;16324;0;0;"Baidin Fheilimi (5)"
6.00000;15891;29892;7;0;"Balancing In Bergen (4)"
6.00000;9409;9409;0;0;"Ballantyne's Rant (0)"
6.00000;509;509;10;0;"Ballinasloe Fair (4)"
6.00000;509;25600;10;0;"Ballinasloe Fair (4)"
6.00000;6764;18383;9;0;"Ballintore, The (5)"
6.00000;1849;1849;5;0;"Baltimore Salute, The (4)"
6.00000;6435;6435;5;0;"Ballybunion, The (1)"
6.00000;7678;19068;5;0;"Ballyket Courthouse (4)"
6.00000;1849;15280;5;0;"Baltimore Salute, The (4)"
6.00000;1849;30905;5;0;"Baltimore Salute, The (4)"
6.00000;1849;30915;5;0;"Baltimore Salute, The (4)"
6.00000;10411;10411;7;0;"Banais Mairead (2)"
6.00000;14185;25763;5;0;"Banana Leaf (1)"
6.00000;5119;21917;0;0;"Banks Of Inverness, The (3)"
6.00000;775;13899;5;0;"Banks Of Lough Gowna, The (1)"
6.00000;1061;1061;5;0;"Bantry Bay (0)"
6.00000;1061;14285;5;0;"Bantry Bay (0)"
6.00000;9573;9573;0;0;"Barbados Bells (3)"
6.00000;9573;20050;5;0;"Barbados Bells (3)"
6.00000;520;520;7;0;"Barony, The (6)"
6.00000;16882;32158;5;0;"Barry's Bay (7)"
6.00000;3176;3176;0;0;"Bath Carnival (1)"
6.00000;4486;4486;2;0;"Beautiful Gortree (4)"
6.00000;6615;24518;7;0;"Behind The Ditch In Pairc Anna (0)"
6.00000;16093;30334;0;0;"Belfast March, The (4)"
6.00000;13604;24112;7;0;"Bellag The Drover (1)"
6.00000;15432;28875;10;0;"Belle Bergère (7)"
6.00000;12763;21611;3;0;"Belle Mere's (7)"
6.00000;9805;20117;3;0;"Belle Qui Tiens Ma Vie (4)"
6.00000;15895;29897;2;0;"Ben C Niven (0)"
6.00000;3506;3506;5;0;"Benton's (1)"
6.00000;1211;14505;0;0;"Berwick Billy (7)"
6.00000;1211;14502;0;0;"Berwick Billy (7)"
6.00000;1211;20922;7;0;"Berwick Billy (7)"
6.00000;1672;1672;7;0;"Biddy From Sligo (1)"
6.00000;133;133;5;0;"Big Reel Of Ballynacally, The (4)"
6.00000;15175;28141;5;0;"Big Sciote (4)"
6.00000;13818;24805;7;0;"Big Sea Ballad (4)"
6.00000;162;162;5;0;"Bill Malley's (2)"
6.00000;162;23397;5;0;"Bill Malley's (2)"
6.00000;162;32891;5;0;"Bill Malley's (2)"
6.00000;8960;8960;0;0;"Bill Powrie's (4)"
6.00000;11306;11306;5;0;"Bird's, The (0)"
6.00000;9870;9870;7;0;"Black Cat Of Cydweli (4)"
6.00000;5370;5370;0;0;"Black Frog, The (1)"
6.00000;5370;17554;0;0;"Black Frog, The (1)"
6.00000;966;14160;5;0;"Black Pat (4)"
6.00000;17388;33359;2;0;"Black Swan On The Turlough (1)"
6.00000;11248;11248;10;0;"Black Velvet (7)"
6.00000;1365;1365;5;0;"Blackberry Blossom, The (4)"
6.00000;6399;18132;2;0;"Blackbird's Wings, The (3)"
6.00000;16702;31787;5;0;"Blood Red Blue Moon (1)"
6.00000;17473;33541;5;0;"Bloom Of The Pea (1)"
6.00000;12994;22339;5;0;"Blueberry Ball, The (7)"
6.00000;7506;7506;7;0;"Bo's Tune (4)"
6.00000;414;414;5;0;"Bohola, The (1)"
6.00000;3056;16198;7;0;"Bonaparte Crossing The Alps (2)"
6.00000;9910;26206;5;0;"Bonny Breast Knot (4)"
6.00000;12935;22167;7;0;"Both Sides The Tweed (7)"
6.00000;6166;26209;0;0;"Bottom Of The Punchbowl, The (4)"
6.00000;485;485;0;0;"Bothar Na Sop (4)"
6.00000;6166;6166;0;0;"Bottom Of The Punchbowl, The (4)"
6.00000;8134;8134;2;0;"Bouree Sans Souci (2)"
6.00000;8134;19326;9;0;"Bouree Sans Souci (2)"
6.00000;8134;33283;9;0;"Bouree Sans Souci (2)"
6.00000;535;535;5;0;"Boys Of Ballisodare, The (4)"
6.00000;535;28171;10;0;"Boys Of Ballisodare, The (4)"
6.00000;9641;9641;5;0;"Boys Of Laois, The (4)"
6.00000;343;13134;4;0;"Boys Of The Lough, The (4)"
6.00000;6905;6905;7;0;"Braemar Gathering March, The (1)"
6.00000;17318;33187;0;0;"Braes Of Dunvegan, The (2)"
6.00000;17318;33190;0;0;"Braes Of Dunvegan, The (2)"
6.00000;2340;15710;7;0;"Braes Of Mellinish, The (1)"
6.00000;8888;8888;2;0;"Brandy Culotté (4)"
6.00000;17334;33224;9;0;"Breakfast Club (4)"
6.00000;8278;8278;0;0;"Breakfast Epiphanies (4)"
6.00000;3744;16718;5;0;"Breeches Mary (1)"
6.00000;8573;19561;0;0;"Bride's, The (4)"
6.00000;2775;2775;7;0;"Bride's A Bonny Wee Thing, The (1)"
6.00000;10096;10096;0;0;"Bridgie Con Matts (5)"
6.00000;16020;30195;5;0;"Brogeen, The (3)"
6.00000;1814;1814;7;0;"Brolum (4)"
6.00000;12612;24230;2;0;"Brook, The (4)"
6.00000;2210;4407;0;0;"Brumley Brae (4)"
6.00000;12274;12274;0;0;"Brustuens Avskjedsvals (7)"
6.00000;969;14166;5;0;"Buckley's Fancy (4)"
6.00000;969;24008;5;0;"Buckley's Fancy (4)"
6.00000;969;25954;5;0;"Buckley's Fancy (4)"
6.00000;8140;19337;5;0;"Bugle Horn, The (3)"
6.00000;4009;4009;2;0;"Burnt Leg, The (4)"
6.00000;4009;16845;2;0;"Burnt Leg, The (4)"
6.00000;2472;2472;5;0;"Bush In Bloom, The (4)"
6.00000;1305;14620;7;0;"Bush On The Hill, The (1)"
6.00000;16014;30164;0;0;"Buttons And Bows, The (1)"
6.00000;5339;5339;7;0;"By Accident (1)"
6.00000;8846;8846;7;0;"By The Fireside (1)"
6.00000;16995;32446;0;0;"Byrns March (4)"
6.00000;12520;31361;2;0;"Cad E Sin Don Te Sin (7)"
6.00000;4887;4887;7;0;"Cahal's (1)"
6.00000;4858;4858;0;0;"Caher Rua (4)"
6.00000;4858;17296;0;0;"Caher Rua (4)"
6.00000;14920;27570;7;0;"Cal's (6)"
6.00000;12903;22092;0;0;"Caledon Line, The (1)"
6.00000;13783;28886;7;0;"Callow Lake (7)"
6.00000;8145;8145;2;0;"Cam Ye O'er Frae France (7)"
6.00000;8145;19341;2;0;"Cam Ye O'er Frae France (7)"
6.00000;6389;6389;0;0;"Cambo March, The (2)"
6.00000;8145;19342;2;0;"Cam Ye O'er Frae France (7)"
6.00000;8145;19343;7;0;"Cam Ye O'er Frae France (7)"
6.00000;8145;19344;10;0;"Cam Ye O'er Frae France (7)"
6.00000;8145;20946;5;0;"Cam Ye O'er Frae France (7)"
6.00000;6389;18122;0;0;"Cambo March, The (2)"
6.00000;3492;3492;4;0;"Cambridge Caravan Catastrophy (4)"
6.00000;2864;24250;7;0;"Cameron Highlander, The (2)"
6.00000;959;959;7;0;"Camping With Roosters (4)"
6.00000;10174;20240;7;0;"Canongate Twitch, The (4)"
6.00000;3059;16199;5;0;"Captain Kelly (4)"
6.00000;12882;22037;2;0;"Car Y Phoosee (1)"
6.00000;1904;1904;7;0;"Carew Cross (1)"
6.00000;12083;30928;0;0;"Carron Streams (1)"
6.00000;12928;22146;2;0;"Castle Terrace (1)"
6.00000;10255;10255;0;0;"Castlerock Road (4)"
6.00000;12701;25217;10;0;"Cavers Of Kirkcudbright (1)"
6.00000;12701;21458;10;0;"Cavers Of Kirkcudbright (1)"
6.00000;12701;29526;7;0;"Cavers Of Kirkcudbright (1)"
6.00000;2268;15638;0;0;"Cedars Of Lebanon, The (4)"
6.00000;1156;1156;7;0;"Ceilidh At Alexandra's (1)"
6.00000;16068;30271;7;0;"Celia's (1)"
6.00000;2687;2687;7;0;"Chancellor, The (0)"
6.00000;3037;3037;7;0;"Changeling, The (4)"
6.00000;4755;17242;5;0;"Cheticamp, The (2)"
6.00000;10792;10792;0;0;"Chase The Squirrel (0)"
6.00000;14576;26849;2;0;"Cherokee Shuffle (0)"
6.00000;10744;21462;7;0;"Christina's Dream (1)"
6.00000;8078;8078;0;0;"Christmas Day (4)"
6.00000;8078;19293;0;0;"Christmas Day (4)"
6.00000;16477;31248;0;0;"Christmas Letter, The (7)"
6.00000;7605;7605;5;0;"Cian's Big Day (1)"
6.00000;10919;10919;5;0;"Clarinet (3)"
6.00000;12;12377;5;0;"Cliffs Of Moher, The (1)"
6.00000;8519;8519;0;0;"Cluain Ard (4)"
6.00000;10006;20153;7;0;"Cluck Old Hen (2)"
6.00000;16;21856;7;0;"Clumsy Lover, The (4)"
6.00000;16;29450;0;0;"Clumsy Lover, The (4)"
6.00000;6567;28601;7;0;"Cnocán An Teampaill (1)"
6.00000;6567;32059;7;0;"Cnocán An Teampaill (1)"
6.00000;11857;11857;7;0;"Coach House, The (4)"
6.00000;1617;15044;5;0;"Coalminer's, The (4)"
6.00000;1670;32835;7;0;"Cocktail, The (4)"
6.00000;6697;6697;7;0;"Coffee (1)"
6.00000;3981;22220;7;0;"Con Cassidy's (2)"
6.00000;18;18;7;0;"Concertina, The (4)"
6.00000;18;12388;7;0;"Concertina, The (4)"
6.00000;18;27968;0;0;"Concertina, The (4)"
6.00000;208;12874;7;0;"Congress, The (4)"
6.00000;9014;9014;5;0;"Connie Flemming's (3)"
6.00000;11793;23703;0;0;"Connie Fleming's (3)"
6.00000;14226;25852;7;0;"Controverse (3)"
6.00000;14226;26133;7;0;"Controverse (3)"
6.00000;1815;23158;5;0;"Coolin, The (7)"
6.00000;1815;25119;0;0;"Coolin, The (7)"
6.00000;1815;25125;5;0;"Coolin, The (7)"
6.00000;7662;7662;0;0;"Copper Hills Of Beara, The (4)"
6.00000;7662;19059;0;0;"Copper Hills Of Beara, The (4)"
6.00000;16314;30889;5;0;"Corcomroe (4)"
6.00000;6383;6383;5;0;"Corporal AB (1)"
6.00000;15413;28823;0;0;"Corona Air (7)"
6.00000;16508;31331;2;0;"Corriegills (2)"
6.00000;6823;18418;7;0;"Cowboy Halling (4)"
6.00000;11965;11965;7;0;"Crabbit Shona (1)"
6.00000;11965;28817;7;0;"Crabbit Shona (1)"
6.00000;10014;10014;7;0;"Crackin' Fiddle, The (4)"
6.00000;9963;9963;3;0;"Cristina's Air (7)"
6.00000;5998;17909;5;0;"Cronin's (4)"
6.00000;759;23217;0;0;"Crowley's (4)"
6.00000;11603;11603;0;0;"Cruaca Glas Na HÉireann (7)"
6.00000;9011;9011;0;0;"Cuckoo Clock, The (1)"
6.00000;4100;4100;2;0;"Cuckoo Quickstep (4)"
6.00000;8974;8974;7;0;"Cuckoo In The Tree, The (4)"
6.00000;1523;24903;5;0;"Culfadda, The (4)"
6.00000;7588;7588;7;0;"Czar Of Munster, The (4)"
6.00000;7342;18868;5;0;"Da Auld Swaara Jupie (2)"
6.00000;13432;23689;0;0;"Da Bush Below Da Gairden (4)"
6.00000;11981;11981;0;0;"Da Corbie An' Da Craw (4)"
6.00000;4201;4201;0;0;"Da Eye Wifey (4)"
6.00000;7501;7501;0;0;"Da Ferry (4)"
6.00000;7501;18973;0;0;"Da Ferry (4)"
6.00000;4606;17169;5;0;"Da Foula Reel (1)"
6.00000;880;23948;5;0;"Da New Rigged Ship (4)"
6.00000;11988;11988;5;0;"Da Peerie Hoose Under Da Hill (4)"
6.00000;9291;9291;0;0;"Da Norna (4)"
6.00000;7675;7675;7;0;"Damascus Drum, The (4)"
6.00000;11554;11554;7;0;"Dance Boatman Dance (4)"
6.00000;3271;3271;0;0;"Dance Of The Honeybees, The (7)"
6.00000;130;12739;0;0;"Dance Of The Honeybees, The (2)"
6.00000;8933;8933;0;0;"Dancing In Kyle (7)"
6.00000;8933;19780;0;0;"Dancing In Kyle (7)"
6.00000;1088;1088;7;0;"Dancing The Baby (2)"
6.00000;1088;32252;4;0;"Dancing The Baby (2)"
6.00000;11070;11070;7;0;"Dandy Brush (4)"
6.00000;3959;3959;5;0;"Dangerous Dan's (1)"
6.00000;3167;3167;5;0;"Danny Mackay's (2)"
6.00000;16136;30430;9;0;"Dans Plinn (4)"
6.00000;4724;4724;5;0;"Darby's Farewell To London (4)"
6.00000;4724;24051;5;0;"Darby's Farewell To London (4)"
6.00000;6763;6763;5;0;"Darkey's Dream (2)"
6.00000;16297;30842;9;0;"Darklight (4)"
6.00000;8644;8644;0;0;"Das Flugelhorn (7)"
6.00000;14598;26905;0;0;"Dawg's Breath (4)"
6.00000;10889;33501;0;0;"Dawn's Mandolin (4)"
6.00000;8718;8718;5;0;"Day We Paid The Rent, The (4)"
6.00000;7058;18640;5;0;"De'ils In The Fish (4)"
6.00000;7677;7677;3;0;"Delighted (4)"
6.00000;15378;28733;2;0;"Delphi Air, The (7)"
6.00000;15378;28733;4;0;"Delphi Air, The (7)"
6.00000;17084;32666;7;0;"Den Toppede Høne Fra Vensyssel (5)"
6.00000;1746;21479;7;0;"Devil In The Kitchen, The (2)"
6.00000;15382;28740;7;0;"Devil And His Damn, The (1)"
6.00000;9699;9699;0;0;"Devil And The Dirk, The (4)"
6.00000;5228;5228;5;0;"Devine's (1)"
6.00000;5987;17889;5;0;"Dick Glasgow's Toupé (2)"
6.00000;126;12731;5;0;"Dick Harmon's (4)"
6.00000;126;12732;5;0;"Dick Harmon's (4)"
6.00000;16674;31730;0;0;"Dingieshowe Dancers (4)"
6.00000;4868;4868;0;0;"Dirty Bastard's Daughter, The (1)"
6.00000;11358;11358;0;0;"Dochno (5)"
6.00000;2369;2369;0;0;"Dog Big And Dog Little (4)"
6.00000;6515;24105;5;0;"Doctor MacLeod Of Alnwick (2)"
6.00000;6515;24116;7;0;"Doctor MacLeod Of Alnwick (2)"
6.00000;9075;9075;7;0;"Doctor Ross's 50th Welcome To The Argyllshire Gathering (1)"
6.00000;8154;19350;7;0;"Doinna (7)"
6.00000;11785;11785;2;0;"Donald MacLean's (1)"
6.00000;3019;16170;5;0;"Donald, Willie And His Dog (6)"
6.00000;1497;19588;7;0;"Donegal Lass, The (1)"
6.00000;1497;1497;7;0;"Donegal Lass, The (1)"
6.00000;1497;8643;7;0;"Donegal Lass, The (1)"
6.00000;1497;14885;7;0;"Donegal Lass, The (1)"
6.00000;1770;15217;0;0;"Donegal Tinker, The (4)"
6.00000;438;23214;0;1;"Doon, The (4)"
6.00000;9425;21317;7;0;"Dornoch Links (3)"
6.00000;13820;24808;7;0;"Dr. Iain MacAonghais (1)"
6.00000;13820;24809;7;0;"Dr. Iain MacAonghais (1)"
6.00000;9053;9053;7;0;"Dr. Ross's 50th Welcome To The Argyllshire Gathering (4)"
6.00000;12536;21062;0;0;"Dr. Shaw (2)"
6.00000;13793;30856;0;0;"Dreaming Of The Bones, The (4)"
6.00000;11149;11149;0;0;"Drimacoo (4)"
6.00000;11202;11202;5;0;"Droning Old-Aged Woman, The (1)"
6.00000;9250;9250;9;0;"Drover Lads (1)"
6.00000;7133;7133;5;0;"Dublin Coddle (7)"
6.00000;7133;18692;7;0;"Dublin Coddle (7)"
6.00000;3347;3347;7;0;"Duck, The (1)"
6.00000;3347;23949;0;0;"Duck, The (1)"
6.00000;3347;23955;2;0;"Duck, The (1)"
6.00000;3347;34254;2;0;"Duck, The (1)"
6.00000;12637;21258;10;0;"Dunedin Valley (4)"
6.00000;11957;11957;0;0;"Dunning-Kruger Effect, The (1)"
6.00000;4323;4323;7;0;"Dusty Miller, The (6)"
6.00000;4323;17021;7;0;"Dusty Miller, The (6)"
6.00000;4323;17022;7;0;"Dusty Miller, The (6)"
6.00000;4323;17023;7;0;"Dusty Miller, The (6)"
6.00000;4323;22108;7;0;"Dusty Miller, The (6)"
6.00000;15820;29780;2;0;"E To E (4)"
6.00000;1952;1952;0;0;"Eamon Coyne's (4)"
6.00000;10319;10319;5;0;"Easter Snow (6)"
6.00000;10319;23067;5;0;"Easter Snow (6)"
6.00000;6557;18248;5;0;"Eddie The Fiddlemaker (1)"
6.00000;16382;31028;2;0;"Eimhin's (7)"
6.00000;15768;29656;7;0;"Einini (7)"
6.00000;14442;26533;2;0;"El To Arume (7)"
6.00000;14442;26536;2;0;"El To Arume (7)"
6.00000;5526;17613;2;0;"Elizabeth Keane's (1)"
6.00000;953;14151;5;0;"Elizabeth Kelly's Delight (6)"
6.00000;11962;11962;7;0;"Ella (4)"
6.00000;13931;25115;0;0;"Elliot Finn MacDonald (2)"
6.00000;10523;10523;7;0;"Elven Cloak, The (1)"
6.00000;7269;7269;7;0;"Eminem (6)"
6.00000;7269;18795;7;0;"Eminem (6)"
6.00000;9790;9790;9;0;"Empty Pod, The (4)"
6.00000;16436;31140;7;0;"Eric MacDonald's (4)"
6.00000;5812;5812;5;0;"Erika Damiani's (1)"
6.00000;10845;10845;7;0;"Eroticon VI (4)"
6.00000;10845;31072;7;0;"Eroticon VI (4)"
6.00000;15849;29817;2;0;"Escapade In A Minor (4)"
6.00000;14351;26278;5;0;"Evening Prayer Blues (4)"
6.00000;14351;26279;5;0;"Evening Prayer Blues (4)"
6.00000;12914;22115;5;0;"EW's First (1)"
6.00000;16293;30837;5;0;"Fading Days (4)"
6.00000;1262;14571;5;0;"Fairies', The (0)"
6.00000;15374;28726;7;0;"Falls Of Richmond (2)"
6.00000;9706;9706;0;0;"Fandango, The (1)"
6.00000;16200;30604;2;0;"Faoi Na HAirneoga (4)"
6.00000;5984;17883;5;0;"Farewell To Ballinahulla (5)"
6.00000;4403;17060;0;0;"Farewell To Ireland (4)"
6.00000;3211;16283;0;0;"Farewell To Leitrim (4)"
6.00000;1067;14294;0;0;"Farewell To London (4)"
6.00000;1067;25651;0;0;"Farewell To London (4)"
6.00000;6519;31558;2;0;"Farewell To Spain (7)"
6.00000;234;12934;0;0;"Farrel O'Gara's (4)"
6.00000;13007;22348;7;0;"Fathaby, The (1)"
6.00000;3508;16539;0;0;"Father Dollard's (0)"
6.00000;3508;16540;0;0;"Father Dollard's (0)"
6.00000;5127;5127;5;0;"Father Kelly's (4)"
6.00000;1080;31052;0;0;"Father O'Flynn (1)"
6.00000;11531;11531;11;0;"Feet Washing, The (4)"
6.00000;16492;31288;1;0;"Fifth Flight, The (4)"
6.00000;5113;5113;7;0;"Fisherman's Horizon Concert (1)"
6.00000;5792;5792;5;0;"Fitzgerald's (0)"
6.00000;7233;7233;3;0;"Flappers, The (3)"
6.00000;7233;7233;8;0;"Flappers, The (3)"
6.00000;6184;6184;7;0;"Fleshmarket Close (4)"
6.00000;10378;10378;7;0;"Flight Of The Curlew (7)"
6.00000;14617;26935;0;0;"Flight Of The Folk Mutants Part 1 (1)"
6.00000;11495;11495;0;0;"Flight, The (1)"
6.00000;15657;29373;9;0;"Flooded Meadow, The (4)"
6.00000;195;24541;5;0;"Flogging, The (4)"
6.00000;585;13581;5;0;"Flower Of The Flock, The (4)"
6.00000;2580;15846;7;0;"Flowing Tide, The (0)"
6.00000;3122;3122;2;0;"Fly By Night (0)"
6.00000;4168;16933;5;0;"Follow Me Up (4)"
6.00000;14360;26310;5;0;"Follow The Drum (1)"
6.00000;5619;5619;0;0;"For My Mother Dear (7)"
6.00000;1161;1161;7;0;"Forgotten, The (1)"
6.00000;8968;33146;7;0;"Fosgail An Dorus (1)"
6.00000;12926;22365;0;0;"Fox Chase, The (1)"
6.00000;14313;26158;5;0;"Fox In The Meadow (1)"
6.00000;12926;22368;7;0;"Fox Chase, The (1)"
6.00000;341;13128;5;0;"Fox On The Town, The (4)"
6.00000;341;13129;5;0;"Fox On The Town, The (4)"
6.00000;341;24077;5;0;"Fox On The Town, The (4)"
6.00000;341;26589;5;0;"Fox On The Town, The (4)"
6.00000;31;29719;0;0;"Franc A'Phoill (1)"
6.00000;31;29972;0;0;"Franc A'Phoill (1)"
6.00000;31;23901;0;0;"Franc A'Phoill (1)"
6.00000;31;23906;0;0;"Franc A'Phoill (1)"
6.00000;31;32774;0;0;"Franc A'Phoill (1)"
6.00000;17199;32963;9;0;"Franzke En Français (4)"
6.00000;34;30070;7;0;"Frieze Breeches, The (1)"
6.00000;34;23530;0;0;"Frieze Breeches, The (1)"
6.00000;34;25270;0;0;"Frieze Breeches, The (1)"
6.00000;34;33010;0;0;"Frieze Breeches, The (1)"
6.00000;16411;31110;5;0;"Fúnicúlí, Fúnicúla (1)"
6.00000;16411;31085;8;0;"Fúnicúlí, Fúnicúla (1)"
6.00000;7205;7205;0;0;"Gallopede, The (2)"
6.00000;8046;19271;7;0;"Galway Bay (7)"
6.00000;17712;34280;9;0;"Galway Farmer, The (4)"
6.00000;634;13662;5;0;"Galway Rambler, The (4)"
6.00000;17164;32890;0;0;"Galway Tom (1)"
6.00000;4210;4210;7;0;"Gan Ainm (7)"
6.00000;5968;5968;3;0;"Gan Ainm (0)"
6.00000;5968;17863;5;0;"Gan Ainm (0)"
6.00000;9062;19865;7;0;"Gan Ainm (4)"
6.00000;13038;22417;5;0;"Gan Ainm (3)"
6.00000;16654;31682;0;0;"Gan Ainm (4)"
6.00000;7289;7289;4;0;"Gargoyle, The (4)"
6.00000;4808;4808;5;0;"Garster's Dream (1)"
6.00000;13849;24860;10;0;"Gathering Storms, The (4)"
6.00000;3962;3962;5;0;"Geaftaí Baile Bhuí (7)"
6.00000;8149;8149;7;0;"George Booker (4)"
6.00000;10674;10674;5;0;"Gesto, The (4)"
6.00000;9620;9620;7;0;"Ghoid Iad Mo Bhean Uam An Reir (2)"
6.00000;9620;22798;9;0;"Ghoid Iad Mo Bhean Uam An Reir (2)"
6.00000;5084;5084;5;0;"Gigue à La Cardeuse (4)"
6.00000;5084;17402;5;0;"Gigue à La Cardeuse (4)"
6.00000;2305;15673;7;0;"Gillie Callum (2)"
6.00000;6418;6418;5;0;"Gin Ye Were Dead Gude-Man (0)"
6.00000;6418;18145;0;0;"Gin Ye Were Dead Gude-Man (0)"
6.00000;6418;18146;3;0;"Gin Ye Were Dead Gude-Man (0)"
6.00000;9557;9557;5;0;"Girl In The Green Shirt, The (4)"
6.00000;13126;22609;0;0;"Girls Of Balladoole (6)"
6.00000;2456;15777;5;0;"Girls Of Banbridge, The (1)"
6.00000;9150;9150;9;0;"Gladys, The (4)"
6.00000;5589;17633;7;0;"Glasgow Wedding (7)"
6.00000;10156;10156;0;0;"Glaspolska (7)"
6.00000;16539;31406;7;0;"Glen Kabul (4)"
6.00000;16539;31420;9;0;"Glen Kabul (4)"
6.00000;9846;9846;2;0;"Glenburnie Rant (4)"
6.00000;15698;29474;3;0;"Glor Na NAingeal (7)"
6.00000;11074;11074;0;0;"Goat's Horns, The (1)"
6.00000;11074;30141;0;0;"Goat's Horns, The (1)"
6.00000;735;735;5;0;"Going To Donnybrook (1)"
6.00000;37;12445;0;0;"Gold Ring, The (1)"
6.00000;37;12446;0;0;"Gold Ring, The (1)"
6.00000;37;12447;0;0;"Gold Ring, The (1)"
6.00000;37;21061;0;0;"Gold Ring, The (1)"
6.00000;37;24456;0;0;"Gold Ring, The (1)"
6.00000;15225;28315;5;0;"Golden Vanity, The (0)"
6.00000;1054;1054;0;0;"Gooch, The (4)"
6.00000;17672;34088;0;0;"Goodbye Johnny Dear (7)"
6.00000;16543;31418;10;0;"Gortavale Rock (4)"
6.00000;16543;31419;5;0;"Gortavale Rock (4)"
6.00000;14506;26718;0;0;"Grand Etang (2)"
6.00000;14506;33769;0;0;"Grand Etang (2)"
6.00000;42;20812;7;0;"Gravel Walks, The (4)"
6.00000;15385;28747;2;0;"Great Barrier, The (4)"
6.00000;559;13532;9;0;"Green Cottage, The (3)"
6.00000;13859;24885;0;0;"Green Fields Of Canada (2)"
6.00000;8833;8833;0;0;"Green Flag, The (3)"
6.00000;8423;19506;5;0;"Green Forever (1)"
6.00000;14009;25374;5;0;"Green Grow The Rushes - O (2)"
6.00000;8113;8113;4;0;"Green Isle (7)"
6.00000;11094;11094;2;0;"Green Mossy Banks Of The Lea, The (7)"
6.00000;13320;23306;5;0;"Green Ship, The (4)"
6.00000;14292;26100;5;0;"Grimstock (1)"
6.00000;14563;26822;7;0;"Gundy Bear's (7)"
6.00000;169;22389;0;0;"Gusty's Frolics (6)"
6.00000;169;26870;0;0;"Gusty's Frolics (6)"
6.00000;12069;12069;10;0;"Hale's Rag (2)"
6.00000;12017;12017;7;0;"Halloween (4)"
6.00000;12017;22738;7;0;"Halloween (4)"
6.00000;11327;11327;0;0;"Hamster's Wheel, The (6)"
6.00000;800;800;0;0;"Hand Me Down The Tackle (4)"
6.00000;800;13948;0;0;"Hand Me Down The Tackle (4)"
6.00000;800;13950;0;0;"Hand Me Down The Tackle (4)"
6.00000;800;30280;0;0;"Hand Me Down The Tackle (4)"
6.00000;800;31392;0;0;"Hand Me Down The Tackle (4)"
6.00000;12987;23858;7;0;"Handsome Ploughboy, The (4)"
6.00000;8545;8545;5;0;"Hang On (4)"
6.00000;7043;7043;9;0;"Hangman's (4)"
6.00000;7546;7546;0;0;"Happy Farmer, The (1)"
6.00000;13917;25071;7;0;"Happy Hours (3)"
6.00000;9455;9455;7;0;"Happy, The (3)"
6.00000;9455;24198;7;0;"Happy, The (3)"
6.00000;9455;28247;7;0;"Happy, The (3)"
6.00000;14917;27567;0;0;"Hard To Get Started (4)"
6.00000;12124;22989;0;0;"Hare In The Corn, The (1)"
6.00000;12124;22991;0;0;"Hare In The Corn, The (1)"
6.00000;2448;2448;0;0;"Harper's Frolic (3)"
6.00000;7653;19054;5;0;"Harris Dance (4)"
6.00000;7653;7653;5;0;"Harris Dance (4)"
6.00000;49;49;7;0;"Harvest Home, The (0)"
6.00000;49;31579;7;0;"Harvest Home, The (0)"
6.00000;49;31999;7;0;"Harvest Home, The (0)"
6.00000;2882;2882;5;0;"Haughton House (3)"
6.00000;2882;28494;5;0;"Haughton House (3)"
6.00000;1098;14346;0;0;"Haunted House, The (1)"
6.00000;3929;3929;7;0;"Hazel Shrubbery, The (7)"
6.00000;16268;30787;0;0;"Head Lifter (1)"
6.00000;12223;12223;5;0;"Heartsease (7)"
6.00000;13157;22699;5;0;"Heartstrings (7)"
6.00000;1292;25242;7;0;"Hector The Hero (7)"
6.00000;1292;24764;0;0;"Hector The Hero (7)"
6.00000;1292;25226;5;0;"Hector The Hero (7)"
6.00000;3833;3833;7;0;"Heights Of Cassino, The (1)"
6.00000;10325;10325;2;0;"Helen Black Of Inveran (4)"
6.00000;11478;11478;5;0;"Helen Scott Of Humbie (7)"
6.00000;11478;33106;5;0;"Helen Scott Of Humbie (7)"
6.00000;3110;16228;5;0;"Helvic Head (1)"
6.00000;3110;3110;5;0;"Helvic Head (1)"
6.00000;11465;11465;5;0;"Hello World (4)"
6.00000;15589;29235;9;0;"Hellulaulu Polska (7)"
6.00000;164;12795;5;0;"Hen And Her Brood, The (4)"
6.00000;17643;34022;7;0;"Henry Reed's Breakdown (4)"
6.00000;17643;34023;7;0;"Henry Reed's Breakdown (4)"
6.00000;4428;17066;0;0;"High Drive, The (4)"
6.00000;4428;17066;7;0;"High Drive, The (4)"
6.00000;4428;21859;0;0;"High Drive, The (4)"
6.00000;4428;22840;0;0;"High Drive, The (4)"
6.00000;4428;27059;0;0;"High Drive, The (4)"
6.00000;4428;27059;7;0;"High Drive, The (4)"
6.00000;1118;14380;2;0;"High Road To Linton, The (4)"
6.00000;6056;6056;7;0;"High Road To Lyon, The (4)"
6.00000;44;12467;7;0;"High, The (4)"
6.00000;6960;18544;9;0;"Highland Donald (2)"
6.00000;4314;17012;5;0;"Highlandman Who Kissed His Granny, The (4)"
6.00000;3283;28942;0;0;"Hills Of Connemara, The (4)"
6.00000;842;14007;5;0;"Hills Of Glenorchy, The (1)"
6.00000;842;14007;7;0;"Hills Of Glenorchy, The (1)"
6.00000;4033;4033;9;0;"Hills Of Manchuria, The (7)"
6.00000;290;24200;7;0;"Hogties (4)"
6.00000;8916;8916;5;0;"Holly Bush, The (4)"
6.00000;310;23386;0;0;"Home Ruler, The (0)"
6.00000;310;23387;0;0;"Home Ruler, The (0)"
6.00000;310;23628;0;0;"Home Ruler, The (0)"
6.00000;3864;3864;5;0;"Honeybee, The (6)"
6.00000;10770;10770;0;0;"Hop-tu-Naa (5)"
6.00000;10770;20497;0;0;"Hop-tu-Naa (5)"
6.00000;11395;11395;3;0;"Hopkinson's Favourite (1)"
6.00000;2474;2474;0;0;"Horse With A Heart (1)"
6.00000;16094;30338;5;0;"Hound And The Hare, The (1)"
6.00000;366;366;2;0;"Hound Of Ulster, The (4)"
6.00000;210;21054;0;0;"Humours Of Ballyloughlin, The (1)"
6.00000;210;33997;0;0;"Humours Of Ballyloughlin, The (1)"
6.00000;279;13024;5;0;"Humours Of Ballymanus, The (6)"
6.00000;2011;2011;5;0;"Humours Of Buckfast, The (4)"
6.00000;1730;1730;0;0;"Humours Of Carrigaholt, The (4)"
6.00000;1730;22867;0;0;"Humours Of Carrigaholt, The (4)"
6.00000;14655;27049;5;0;"Humours Of Cloyne, The (1)"
6.00000;1043;22934;5;0;"Humours Of Kiltyclogher, The (1)"
6.00000;1043;25868;5;0;"Humours Of Kiltyclogher, The (1)"
6.00000;10767;10767;0;0;"Humours Of Newcastle, The (4)"
6.00000;4080;4080;5;0;"Humours Of Winnington, The (1)"
6.00000;1648;15074;2;0;"Hungry Rock, The (1)"
6.00000;4426;17065;2;0;"Hunting The Hare (1)"
6.00000;893;14080;0;0;"Hurry The Jug (1)"
6.00000;5689;5689;0;0;"I'll Remember You, Love, In My Prayers (7)"
6.00000;14772;27268;7;0;"Iain's (1)"
6.00000;875;875;0;0;"If Ever You Were Mine (7)"
6.00000;17584;33833;10;0;"Iitin Tiltu (3)"
6.00000;17584;33835;10;0;"Iitin Tiltu (3)"
6.00000;2735;15971;0;0;"Imelda Roland's (4)"
6.00000;6852;6852;0;0;"Imperial Quick Step March, The (2)"
6.00000;15483;28991;7;0;"In The Deep Heart's Core (7)"
6.00000;15483;28991;9;0;"In The Deep Heart's Core (7)"
6.00000;2487;2487;9;0;"Indian Summer (1)"
6.00000;780;780;2;0;"Ingonish (1)"
6.00000;14689;27100;0;0;"Innes Campbell (4)"
6.00000;5783;5783;9;0;"Inspector Hector (6)"
6.00000;9293;9293;4;0;"Inver Bank (1)"
6.00000;9293;19974;4;0;"Inver Bank (1)"
6.00000;9197;9197;5;0;"Invergarry Castle (1)"
6.00000;9197;9197;7;0;"Invergarry Castle (1)"
6.00000;5016;5016;2;0;"Inverness Gathering, The (2)"
6.00000;11596;11596;5;0;"Inverness Gathering, The (2)"
6.00000;11596;11596;7;0;"Inverness Gathering, The (2)"
6.00000;8973;19802;5;0;"Irish Lamentation (7)"
6.00000;92;32199;5;0;"Irish Washerwoman, The (1)"
6.00000;8211;31890;7;0;"Isaac's Maggot (7)"
6.00000;1688;15115;7;0;"Islay Rant (4)"
6.00000;4780;4780;5;0;"It Be T'n't To Be (1)"
6.00000;5555;17620;5;0;"Ivory Lady (4)"
6.00000;5555;26462;5;0;"Ivory Lady (4)"
6.00000;16270;30793;7;0;"Izeru (7)"
6.00000;9438;9438;0;0;"J Carly's (1)"
6.00000;13055;22448;5;0;"Jack Come Kiss Me Now (0)"
6.00000;3305;16370;0;0;"Jackie Donnan's (7)"
6.00000;10859;10859;7;0;"Jackson's (0)"
6.00000;3325;27357;0;0;"Jackson's (1)"
6.00000;10871;10871;0;0;"Jackson's Gamble (0)"
6.00000;1492;14880;7;0;"James Kelly's (6)"
6.00000;1492;14881;7;0;"James Kelly's (6)"
6.00000;9939;9939;9;0;"James MacLellan's Favourite (1)"
6.00000;10399;10399;7;0;"Jean Ireland (1)"
6.00000;5333;5333;0;0;"Jeanette's (7)"
6.00000;8597;8597;7;0;"Jesse 'The Body' Ventura's (4)"
6.00000;11697;11697;0;0;"Jessie Smith (0)"
6.00000;3938;3938;2;0;"Jewish (4)"
6.00000;35;35;0;0;"Jig Of Slurs, The (1)"
6.00000;35;23579;0;0;"Jig Of Slurs, The (1)"
6.00000;35;26358;0;0;"Jig Of Slurs, The (1)"
6.00000;35;29236;5;0;"Jig Of Slurs, The (1)"
6.00000;35;29819;0;0;"Jig Of Slurs, The (1)"
6.00000;35;29819;5;0;"Jig Of Slurs, The (1)"
6.00000;7329;7329;5;0;"Jim Anderson's Delight (1)"
6.00000;2849;2849;5;0;"Jim Conroy's (4)"
6.00000;15062;27892;7;0;"Jim Tweedie's Sea Legs (0)"
6.00000;1924;28685;5;0;"Jimmy Duffy's (2)"
6.00000;15909;29929;7;0;"Jimmy Findlater (4)"
6.00000;12210;12210;7;0;"Jimmy O'Brien's (1)"
6.00000;793;13938;5;0;"Jimmy Ward's (1)"
6.00000;11656;11656;9;0;"Jingle Bells, The (3)"
6.00000;1470;14862;0;0;"Jockey Lay Up In The Hay Loft (6)"
6.00000;1969;1969;3;0;"Joe Murphy's Return From Chicago (7)"
6.00000;3835;16764;0;0;"John Brosnan's (3)"
6.00000;4229;4229;7;0;"John MacDonald's Exercise (1)"
6.00000;4229;16970;2;0;"John MacDonald's Exercise (1)"
6.00000;8284;8284;0;0;"John O'Dwyer Of The Glen (7)"
6.00000;441;13304;0;0;"John Ryan's (3)"
6.00000;441;27129;0;0;"John Ryan's (3)"
6.00000;441;28845;0;0;"John Ryan's (3)"
6.00000;2209;2209;0;0;"John Watt Henry's (4)"
6.00000;4311;4311;0;0;"Johnnie's (1)"
6.00000;4311;4311;5;0;"Johnnie's (1)"
6.00000;3382;29195;5;0;"Johnny Boyle's (1)"
6.00000;3382;29196;0;0;"Johnny Boyle's (1)"
6.00000;2327;15700;2;0;"Johnny Cope (3)"
6.00000;15520;29090;9;0;"Kermeskis (1)"
6.00000;2298;29003;5;0;"Johnny Cronin's (4)"
6.00000;11897;21927;2;0;"Johnny O'Leary's (5)"
6.00000;1016;14236;3;0;"Josefin's (7)"
6.00000;1460;28908;0;0;"Jonny's Funky Fiddle (4)"
6.00000;2778;12101;0;0;"Josephine Keegan's (4)"
6.00000;2778;16007;0;0;"Josephine Keegan's (4)"
6.00000;6711;6711;5;0;"Joy Of Caitlin Brennan, The (1)"
6.00000;736;13819;8;0;"Jump At The Sun (1)"
6.00000;1851;1851;7;0;"Junior Crehan's (1)"
6.00000;10189;10189;7;0;"Kalabakan (4)"
6.00000;7382;7382;0;0;"Kandel's Hora (7)"
6.00000;7382;7382;2;0;"Kandel's Hora (7)"
6.00000;7382;7382;3;0;"Kandel's Hora (7)"
6.00000;7382;7382;7;0;"Kandel's Hora (7)"
6.00000;5885;5885;0;0;"Kate's Roses (1)"
6.00000;6185;6185;5;0;"Keelman Ower The Land, The (7)"
6.00000;1604;1604;7;0;"Kelsey's Wee (4)"
6.00000;1875;1875;7;0;"Kenny Gillies Of Portnalong (1)"
6.00000;7876;7876;5;0;"Kerry Bag, The (4)"
6.00000;13067;22477;0;0;"Kerry Mills (2)"
6.00000;55;24888;5;0;"Kesh, The (1)"
6.00000;1707;15127;4;0;"Key Of The Convent, The (1)"
6.00000;1108;1108;10;0;"Khazi (1)"
6.00000;6436;18153;3;0;"Kick The World Before Me (6)"
6.00000;3286;16347;5;0;"Kilcar, The (7)"
6.00000;2973;33522;5;0;"Kilmovee, The (1)"
6.00000;17169;32902;2;0;"Kilworth Hills (7)"
6.00000;3859;3859;7;0;"King's, The (4)"
6.00000;10991;10991;5;0;"King, The (1)"
6.00000;7514;18981;5;0;"King, The (1)"
6.00000;7514;18982;5;0;"King, The (1)"
6.00000;7833;19151;7;0;"Kiss Her An Clap Her (1)"
6.00000;7833;7833;7;0;"Kiss Her An Clap Her (1)"
6.00000;7833;19150;7;0;"Kiss Her An Clap Her (1)"
6.00000;14718;27164;5;0;"Kiss The Bride (4)"
6.00000;4825;24696;7;0;"Kissing Is The Best Of A' (4)"
6.00000;14309;26146;5;0;"Kitchen (1)"
6.00000;1647;22724;5;0;"Kitty Goes A-Milking (4)"
6.00000;948;22047;0;0;"Kitty Lie Over (1)"
6.00000;948;14140;0;0;"Kitty Lie Over (1)"
6.00000;1053;1053;0;0;"Kitty McGee (1)"
6.00000;1843;24703;0;0;"Kitty's Rambles (1)"
6.00000;361;13162;7;0;"Kylebrack Rambler, The (4)"
6.00000;5025;5025;7;0;"La Petite Valse Francaise (7)"
6.00000;7747;19105;0;0;"La Piquée Double (1)"
6.00000;11618;11618;0;0;"LaaLaa Land (7)"
6.00000;15769;29657;5;0;"Lady Dunraven (2)"
6.00000;17310;33173;5;0;"Lady Grey (7)"
6.00000;7578;19027;8;0;"Lady Madelina Sinclair's Birthday (2)"
6.00000;7585;22237;0;0;"Lady Madelina Sinclair (2)"
6.00000;7578;19028;5;0;"Lady Madelina Sinclair's Birthday (2)"
6.00000;5974;17867;0;0;"Lairds Of Ryton, The (6)"
6.00000;10985;10985;7;0;"Lake Banook (7)"
6.00000;10985;22388;7;0;"Lake Banook (7)"
6.00000;5974;17868;0;0;"Lairds Of Ryton, The (6)"
6.00000;13476;23787;0;0;"Lamachree And Megrum (7)"
6.00000;12927;22145;7;0;"Lament For The Fox (7)"
6.00000;11898;11898;7;0;"Lang Shift (1)"
6.00000;3024;3024;10;0;"Lang Stayed Away (7)"
6.00000;2192;2192;5;0;"Lansdowne Lass, The (4)"
6.00000;4095;16886;5;0;"Lansdowne Lass, The (4)"
6.00000;62;62;0;0;"Lark In The Morning, The (1)"
6.00000;1578;1578;7;0;"Lark In The Morning, The (1)"
6.00000;1578;5225;7;0;"Lark In The Morning, The (1)"
6.00000;1578;14985;7;0;"Lark In The Morning, The (1)"
6.00000;1578;14986;7;0;"Lark In The Morning, The (1)"
6.00000;1578;22778;7;0;"Lark In The Morning, The (1)"
6.00000;62;28954;7;0;"Lark In The Morning, The (1)"
6.00000;1578;24439;7;0;"Lark In The Morning, The (1)"
6.00000;9008;19826;0;0;"Larkin's (3)"
6.00000;1580;1580;7;0;"Lark's March (1)"
6.00000;1580;21027;7;0;"Lark's March (1)"
6.00000;5867;17782;0;0;"Lark's March, The (1)"
6.00000;9008;9008;10;0;"Larkin's (3)"
6.00000;5867;32206;0;0;"Lark's March, The (1)"
6.00000;8546;8546;5;0;"Larkin's Advance (2)"
6.00000;9876;9876;5;0;"Larmor Plage (4)"
6.00000;2293;32670;5;0;"Larry Get Out Of The Bin (4)"
6.00000;9126;33245;0;0;"Last Of The Starrs (7)"
6.00000;15453;28931;7;0;"Last Of The Litter (6)"
6.00000;9126;9126;0;0;"Last Of The Starrs (7)"
6.00000;7993;7993;0;0;"Last Train From Loughrea (1)"
6.00000;7993;19229;0;0;"Last Train From Loughrea (1)"
6.00000;4160;16922;2;0;"Laurel's (4)"
6.00000;7471;7471;0;0;"Lay Dee At Dee (4)"
6.00000;9362;9362;2;0;"Le Cadeau (0)"
6.00000;17047;32570;7;0;"Le Chêne Des Hindrés (2)"
6.00000;13977;25221;5;0;"Lea Rig, The (4)"
6.00000;12598;21195;7;0;"Leaving Glenurquhart (2)"
6.00000;12598;21196;7;0;"Leaving Glenurquhart (2)"
6.00000;4661;4661;7;0;"Left Handed Fiddler, The (4)"
6.00000;12341;12341;5;0;"Letter To Peter Pan (7)"
6.00000;4047;16867;5;0;"Liam O'Connors (1)"
6.00000;7458;12291;9;0;"Life Is All Chequered (1)"
6.00000;3563;26039;0;0;"Light And Airy (1)"
6.00000;516;32384;0;0;"Limerick Lasses, The (4)"
6.00000;8953;8953;7;0;"Lintie, The (4)"
6.00000;15642;29349;0;0;"Líontar Dúinn An Crúiscín (7)"
6.00000;6316;18078;10;0;"Lisnagun, The (1)"
6.00000;7206;7206;7;0;"Little Boats Of Newfoundland, The (2)"
6.00000;4131;16904;7;0;"Little Katie Kearney (4)"
6.00000;4176;22662;7;0;"Liz Kelly's (5)"
6.00000;4176;4379;0;0;"Liz Kelly's (5)"
6.00000;6479;24182;2;0;"Lochanside (7)"
6.00000;6887;18471;7;0;"Lochiel's Awa' Tae France (4)"
6.00000;6893;18475;2;0;"Lochiel's Welcome To Glasgow (1)"
6.00000;7014;18594;0;0;"Log Drivers (5)"
6.00000;7451;25273;5;0;"Lollipop Man, The (4)"
6.00000;6195;24330;2;0;"Lonesome Boatman, The (4)"
6.00000;9512;9512;5;0;"Long Morris (0)"
6.00000;7782;19124;0;0;"Looby Light (6)"
6.00000;16933;32280;7;0;"Lord McConnell Of Lough Erne And Lochend (4)"
6.00000;7844;7844;7;0;"Lord Of The Dance, The (1)"
6.00000;7844;19157;0;0;"Lord Of The Dance, The (1)"
6.00000;1650;29035;5;0;"Lord Seaforth (2)"
6.00000;1650;29036;7;0;"Lord Seaforth (2)"
6.00000;16742;31887;0;0;"Lost Girl (4)"
6.00000;15880;29867;9;0;"Lost Time (4)"
6.00000;11966;22795;7;0;"Lough Isle Castle (4)"
6.00000;2225;15597;0;0;"Lovely Leitrim (7)"
6.00000;10661;10661;5;0;"Lovely Nancy (1)"
6.00000;12141;12141;5;0;"Lovely Nancy (1)"
6.00000;7423;22437;0;0;"Lovely Nancy (7)"
6.00000;7423;22437;5;0;"Lovely Nancy (7)"
6.00000;10661;20472;7;0;"Lovely Nancy (1)"
6.00000;9902;9902;7;0;"Lovers Of Light (4)"
6.00000;15323;28556;5;0;"Low, The (3)"
6.00000;15323;28557;5;0;"Low, The (3)"
6.00000;15323;28660;0;0;"Low, The (3)"
6.00000;4766;4766;10;0;"Lucky Can Du Link Ony (4)"
6.00000;15079;27950;9;0;"Lullaby For Mel (4)"
6.00000;15079;27950;11;0;"Lullaby For Mel (4)"
6.00000;8642;19587;7;0;"Lumps Of Plum Pudding (1)"
6.00000;16893;32178;0;0;"Lyke Wake Dirge, The (7)"
6.00000;2221;15585;2;0;"MacArthur Road (4)"
6.00000;2221;15586;2;0;"MacArthur Road (4)"
6.00000;2221;15588;0;0;"MacArthur Road (4)"
6.00000;2221;29439;0;0;"MacArthur Road (4)"
6.00000;7041;18634;6;0;"Macedonian Oro (4)"
6.00000;7041;18635;2;0;"Macedonian Oro (4)"
6.00000;9691;27204;5;0;"Mag Siola (2)"
6.00000;1876;23343;7;0;"Maggie Cameron (2)"
6.00000;2289;15653;5;0;"Maghera Mountain (4)"
6.00000;10720;10720;7;0;"Malcolm Johnston (4)"
6.00000;10285;10285;7;0;"Man From Glengarry, The (4)"
6.00000;10285;20277;7;0;"Man From Glengarry, The (4)"
6.00000;11699;11699;7;0;"Man In The Moon, The (4)"
6.00000;12391;20659;0;0;"Mango Tree, The (4)"
6.00000;14244;25939;0;0;"Manorhamilton (1)"
6.00000;15858;29829;2;0;"March Of King Laois, The (3)"
6.00000;17113;32736;5;0;"March To Victory, The (3)"
6.00000;15160;28112;7;0;"Marcha Das Burgas (2)"
6.00000;11615;11615;2;0;"Marches Des Dames Au Chateau (3)"
6.00000;9068;19872;0;0;"Margaret Cromar (7)"
6.00000;9068;19873;0;0;"Margaret Cromar (7)"
6.00000;14386;26395;7;0;"Margaret's Delight (4)"
6.00000;10834;10834;0;0;"Market Girl, The (1)"
6.00000;14221;25847;10;0;"Marquis Of Queensberry (4)"
6.00000;1976;1976;7;0;"Martin Wilson's (2)"
6.00000;6563;6563;2;0;"Mary's Party (4)"
6.00000;15174;28137;5;0;"Maša And The Wolf (1)"
6.00000;74;74;2;0;"Mason's Apron, The (4)"
6.00000;74;27028;0;0;"Mason's Apron, The (4)"
6.00000;2980;25428;0;0;"Matt Peoples' (4)"
6.00000;11774;11774;9;0;"Matthew's (7)"
6.00000;15149;28083;9;0;"Maureen's (1)"
6.00000;12406;20682;7;0;"Maurice Lennon's Tribute To Larry Reynolds (4)"
6.00000;10906;10906;5;0;"Maurice O'Keeffe's (3)"
6.00000;14357;26297;5;0;"May Waltz, The (7)"
6.00000;14257;25963;2;0;"Mazur'jazz (7)"
6.00000;16021;30198;2;0;"McSweeney's Lament (7)"
6.00000;9871;9871;7;0;"Meghan's Fancy (1)"
6.00000;11021;11021;0;0;"Melted Kettle, The (4)"
6.00000;10493;10493;5;0;"Melting Snow (4)"
6.00000;9974;20146;0;0;"Memories Of Highgate (0)"
6.00000;9974;21334;0;0;"Memories Of Highgate (0)"
6.00000;10432;20367;7;0;"Men Of The West, The (7)"
6.00000;10432;20370;2;0;"Men Of The West, The (7)"
6.00000;9256;9256;5;0;"Merry Andrew (0)"
6.00000;16062;30261;0;0;"Micheal's Welcome To Charlie (4)"
6.00000;3202;3202;0;0;"Mick McGarry's (1)"
6.00000;2966;2966;2;0;"Mick's Knitted Triplets (4)"
6.00000;16269;30791;7;0;"Midnight Walker (7)"
6.00000;5020;23531;0;0;"Midnight On The Water (7)"
6.00000;16660;31696;5;0;"Mighty Keith O'Neill (4)"
6.00000;9315;9315;9;0;"Mileva Ruchenitza (4)"
6.00000;9315;19976;4;0;"Mileva Ruchenitza (4)"
6.00000;9315;19977;11;0;"Mileva Ruchenitza (4)"
6.00000;2241;2241;0;0;"Milky Way, The (4)"
6.00000;7356;7356;5;0;"Mill Of Kylemore, The (4)"
6.00000;1008;1008;0;0;"Mill Quay, The (0)"
6.00000;16362;30990;5;0;"Minute 5 (4)"
6.00000;16362;30991;7;0;"Minute 5 (4)"
6.00000;12705;21475;5;0;"Miss Butler's (4)"
6.00000;12336;12336;0;0;"Miss Christina Stewart (1)"
6.00000;11408;11408;3;0;"Miss Elliott's (4)"
6.00000;2205;15575;7;0;"Miss Elspeth Campbell (2)"
6.00000;2417;30019;0;0;"Miss Girdle (4)"
6.00000;2417;2417;0;0;"Miss Girdle (4)"
6.00000;15706;29492;8;0;"Miss Grace Speirs Of Elderslie (4)"
6.00000;8860;19752;7;0;"Miss Gunning's Rant (4)"
6.00000;1656;1656;0;0;"Miss Maria Stewart (1)"
6.00000;14691;27104;3;0;"Miss Marion MacDonald's (4)"
6.00000;1556;14954;7;0;"Miss Sarah Drummond Of Perth (2)"
6.00000;7979;21982;5;0;"Miss Stewart (2)"
6.00000;744;29989;5;0;"Miss Thornton's (4)"
6.00000;3395;16448;7;0;"Miss Walsh (1)"
6.00000;10412;10412;3;0;"Missing Time (4)"
6.00000;470;28312;7;0;"Mist On The Mountain, The (7)"
6.00000;3411;3411;7;0;"Mist-Covered Mountains Of Home, The (7)"
6.00000;13706;24373;2;0;"Mists Among The Stones (4)"
6.00000;13706;24373;9;0;"Mists Among The Stones (4)"
6.00000;13541;23956;9;0;"Mo Mhàthair (7)"
6.00000;6032;17937;0;0;"Mom's Birthday On July 27th (6)"
6.00000;13105;26546;5;0;"Mona's Delight (4)"
6.00000;8531;8531;7;0;"Montgomery Bell (7)"
6.00000;9520;30203;5;0;"Monvara Bridge (3)"
6.00000;1387;14750;5;0;"Monymusk (4)"
6.00000;16166;30487;0;0;"Moonlight In Mayo (7)"
6.00000;2831;2831;10;0;"Morgan Rattler (1)"
6.00000;2060;15457;0;0;"Morning Lark, The (1)"
6.00000;71;27175;2;0;"Morrison's (1)"
6.00000;71;31054;2;0;"Morrison's (1)"
6.00000;71;33047;2;0;"Morrison's (1)"
6.00000;17118;32743;7;0;"Morven (1)"
6.00000;17118;32744;0;0;"Morven (1)"
6.00000;68;22881;5;0;"Mountain Road, The (4)"
6.00000;13895;24992;2;0;"Mountain Streams Where The Moorcocks Crow, The (7)"
6.00000;10797;10797;7;0;"Mozart On The Rampage (4)"
6.00000;10797;22856;7;0;"Mozart On The Rampage (4)"
6.00000;17740;34345;2;0;"Mrs Dorgan Lee (4)"
6.00000;3057;3057;5;0;"Mrs. Ferguson Of Raith (2)"
6.00000;3057;30957;5;0;"Mrs. Ferguson Of Raith (2)"
6.00000;13392;23563;7;0;"Mrs. Forbes (4)"
6.00000;13392;23564;7;0;"Mrs. Forbes (4)"
6.00000;10733;20490;7;0;"Mrs. Galvin's (1)"
6.00000;568;568;5;0;"Mrs. Lawrie's (4)"
6.00000;11332;26987;5;0;"Mudgee Schottische, The (2)"
6.00000;9101;9101;0;0;"Muineira De Lugo (1)"
6.00000;9101;19899;7;0;"Muineira De Lugo (1)"
6.00000;9101;19900;7;0;"Muineira De Lugo (1)"
6.00000;9101;26872;7;0;"Muineira De Lugo (1)"
6.00000;1902;15326;0;0;"Muireann's (1)"
6.00000;9968;9968;7;0;"Munsters Theme Song (3)"
6.00000;3027;16186;2;0;"Murdo MacKenzie Of Torridon (1)"
6.00000;3650;3650;7;0;"Murdo's Wedding (0)"
6.00000;8329;28043;5;0;"Murphy Delany (1)"
6.00000;346;346;0;0;"Music For A Found Harmonium (4)"
6.00000;346;13149;7;0;"Music For A Found Harmonium (4)"
6.00000;346;27169;5;0;"Music For A Found Harmonium (4)"
6.00000;346;27172;10;0;"Music For A Found Harmonium (4)"
6.00000;346;27173;0;0;"Music For A Found Harmonium (4)"
6.00000;346;27173;5;0;"Music For A Found Harmonium (4)"
6.00000;346;27174;5;0;"Music For A Found Harmonium (4)"
6.00000;346;27174;10;0;"Music For A Found Harmonium (4)"
6.00000;766;766;7;0;"Music For A Lost Euphonium (4)"
6.00000;73;22731;9;0;"Musical Priest, The (4)"
6.00000;73;33679;7;0;"Musical Priest, The (4)"
6.00000;73;33681;5;0;"Musical Priest, The (4)"
6.00000;17606;33891;7;0;"Musical Priest, The (5)"
6.00000;6482;6482;7;0;"Mutt's Favourite (4)"
6.00000;6482;31628;7;0;"Mutt's Favourite (4)"
6.00000;6482;31638;7;0;"Mutt's Favourite (4)"
6.00000;9865;9865;7;0;"My Lily (7)"
6.00000;3830;3830;0;0;"My Love Is Like A Red Red Frog (7)"
6.00000;77;12567;0;0;"My Love Is In America (4)"
6.00000;13741;24467;2;0;"Näcken Valsen (7)"
6.00000;9667;9667;7;0;"Nairn (7)"
6.00000;3652;3652;5;0;"Naked And Bare (1)"
6.00000;3471;16510;0;0;"Nancy (4)"
6.00000;3471;16510;7;0;"Nancy (4)"
6.00000;6508;23081;5;0;"Ned Of The Hill (7)"
6.00000;6508;18202;5;0;"Ned Of The Hill (7)"
6.00000;6508;28945;5;0;"Ned Of The Hill (7)"
6.00000;11771;23388;5;0;"Neil Gow's Lamentation For James Moray Esq. Of Abercairny (2)"
6.00000;5286;17514;0;0;"Nelly Mahony's (5)"
6.00000;3156;3156;0;0;"Nelson Mandela's Welcome To Glasgow (1)"
6.00000;3247;30403;0;0;"Nervous Man, The (4)"
6.00000;4758;17243;3;0;"Never On A Sunday (2)"
6.00000;4758;25192;5;0;"Never On A Sunday (2)"
6.00000;7408;18898;7;0;"New Centenary (4)"
6.00000;7114;7114;0;0;"New Concertina, The (4)"
6.00000;6093;6093;2;0;"New Hands (1)"
6.00000;17617;33916;2;0;"New Helmsman, The (4)"
6.00000;972;972;2;0;"New Irish (2)"
6.00000;7921;7921;7;0;"Newlyweds, The (7)"
6.00000;4204;31832;0;0;"Niamh's Capers (4)"
6.00000;1892;15320;0;0;"Niel Gow's Lament For His Second Wife (7)"
6.00000;5483;5483;2;0;"Night Cap, The (1)"
6.00000;5483;17604;0;0;"Night Cap, The (1)"
6.00000;5483;17604;7;0;"Night Cap, The (1)"
6.00000;5483;32883;0;0;"Night Cap, The (1)"
6.00000;15977;30085;2;0;"Night In Newtown, The (4)"
6.00000;9825;24313;2;0;"Night Ride To Armagh (4)"
6.00000;9217;9217;7;0;"Night Walk (1)"
6.00000;1868;15298;5;0;"Nightingale, The (1)"
6.00000;9567;21972;5;0;"Nil Se Ina La (7)"
6.00000;14105;25582;0;0;"No More Cages (7)"
6.00000;2009;15421;5;0;"Nóra Críona (1)"
6.00000;15564;29180;0;0;"Norwegian Gent, The (7)"
6.00000;15564;29182;0;0;"Norwegian Gent, The (7)"
6.00000;17245;33043;0;0;"O Mother What Shall I Do (7)"
6.00000;12572;21111;5;0;"O'Keeffe's (7)"
6.00000;8259;8259;7;0;"O'Neill's Maggot (1)"
6.00000;212;7778;0;0;"Oak Tree, The (4)"
6.00000;212;12883;0;0;"Oak Tree, The (4)"
6.00000;13955;25182;0;0;"Old Bog Road, The (7)"
6.00000;14474;26621;7;0;"Old Joe Clark (4)"
6.00000;1732;6063;7;0;"Old Joe's (1)"
6.00000;1732;15160;7;0;"Old Joe's (1)"
6.00000;1732;15159;7;0;"Old Joe's (1)"
6.00000;1732;15158;7;0;"Old Joe's (1)"
6.00000;1732;1732;7;0;"Old Joe's (1)"
6.00000;13923;25088;7;0;"Old Red Lion, The (4)"
6.00000;9835;29963;0;0;"Old Stage, The (5)"
6.00000;9835;23552;5;0;"Old Stage, The (5)"
6.00000;9365;9365;7;0;"Old Woman Of The Milldust (1)"
6.00000;9365;19987;7;0;"Old Woman Of The Milldust (1)"
6.00000;9365;27803;7;0;"Old Woman Of The Milldust (1)"
6.00000;8200;8200;0;0;"Oliver Jack (4)"
6.00000;5959;5959;5;0;"On One Beautiful Day (6)"
6.00000;14406;26439;7;0;"On The Offbeat (1)"
6.00000;7291;7291;5;0;"One Big Happy Islands (1)"
6.00000;13186;22786;0;0;"One Fine Day… (7)"
6.00000;3678;16676;9;0;"One Horned Cow, The (1)"
6.00000;10103;10103;7;0;"One To Follow It With (1)"
6.00000;10811;27048;3;0;"One To One (7)"
6.00000;5422;24207;5;0;"Ookpik (7)"
6.00000;2091;15483;7;0;"Orange And Blue, The (2)"
6.00000;16316;30892;7;0;"Orkney/Norway Walrus, The (7)"
6.00000;5514;5514;0;0;"Orphan Boy, The (7)"
6.00000;5514;17609;0;0;"Orphan Boy, The (7)"
6.00000;3587;3587;1;0;"Otters', The (7)"
6.00000;3587;3587;10;0;"Otters', The (7)"
6.00000;3587;16608;7;0;"Otters', The (7)"
6.00000;3587;16608;10;0;"Otters', The (7)"
6.00000;3587;16609;7;0;"Otters', The (7)"
6.00000;3587;16609;10;0;"Otters', The (7)"
6.00000;2995;2995;5;0;"Out With The Boys (1)"
6.00000;2995;30681;5;0;"Out With The Boys (1)"
6.00000;115;12705;7;0;"Over The Moor To Maggie (4)"
6.00000;115;12706;0;0;"Over The Moor To Maggie (4)"
6.00000;16246;30742;0;0;"Packie Russell's (1)"
6.00000;2561;15838;5;0;"Paddy Fahey's (1)"
6.00000;7105;31500;5;0;"Paddy Fahey's (4)"
6.00000;150;31148;5;0;"Paddy Fahey's (4)"
6.00000;4927;24853;0;0;"Paddy From Portlaw (1)"
6.00000;6811;6811;0;0;"Paddy In The Punjab (0)"
6.00000;6811;6811;7;0;"Paddy In The Punjab (0)"
6.00000;231;12927;5;0;"Paddy O'Carroll (1)"
6.00000;741;26388;0;0;"Paddy O'Rafferty (1)"
6.00000;10211;10211;5;0;"Paddy On The Landfill (4)"
6.00000;10211;20246;5;0;"Paddy On The Landfill (4)"
6.00000;10211;20247;5;0;"Paddy On The Landfill (4)"
6.00000;10211;20248;5;0;"Paddy On The Landfill (4)"
6.00000;10211;20249;5;0;"Paddy On The Landfill (4)"
6.00000;14069;25539;7;0;"Paddy Went To Macon (1)"
6.00000;2161;15536;9;0;"Paddy's Leather Breeches (1)"
6.00000;4103;4103;7;0;"Padraig O'Keefe's (5)"
6.00000;2802;2802;7;0;"Pandy Clock, The (1)"
6.00000;2802;16013;5;0;"Pandy Clock, The (1)"
6.00000;10090;10090;7;0;"Paris, The (7)"
6.00000;5654;11926;0;0;"Parnell's March (1)"
6.00000;5654;18978;0;0;"Parnell's March (1)"
6.00000;11470;11470;2;0;"Passport Panic (4)"
6.00000;11470;24174;7;0;"Passport Panic (4)"
6.00000;11470;24157;2;0;"Passport Panic (4)"
6.00000;6634;6634;5;0;"Peeler Creek (7)"
6.00000;8630;19580;10;0;"Peggy's Wedding (1)"
6.00000;5724;5724;5;0;"Pere Joan's (1)"
6.00000;16990;32433;5;0;"Perfect (5)"
6.00000;16990;32433;9;0;"Perfect (5)"
6.00000;8153;8153;0;0;"Peter Kiefer's (7)"
6.00000;7488;7488;0;0;"Peter Murphy's (1)"
6.00000;7488;30729;0;0;"Peter Murphy's (1)"
6.00000;13685;24299;9;0;"Peter Piper Picked A Peck Of Pickled Peppers (4)"
6.00000;1171;29079;5;0;"Peter Street (4)"
6.00000;17288;33120;2;0;"Peter's 60th (1)"
6.00000;1031;1031;0;0;"Peter's Peerie Boat (1)"
6.00000;1031;31151;0;0;"Peter's Peerie Boat (1)"
6.00000;7325;18852;0;0;"Philip O'Beirne's Delight (4)"
6.00000;9057;9057;0;0;"Phil The Fluter's Ball (0)"
6.00000;7325;18856;0;0;"Philip O'Beirne's Delight (4)"
6.00000;7741;7741;4;0;"Phrygian Whistle, The (4)"
6.00000;16894;32181;2;0;"Picnic In The Sky (4)"
6.00000;1079;1079;0;0;"Pierre's Right Arm (4)"
6.00000;2610;22163;10;0;"Pinch Of Snuff, The (4)"
6.00000;6866;6866;5;0;"Pip Murphy's (1)"
6.00000;81;81;10;0;"Pipe On The Hob, The (1)"
6.00000;1049;28689;0;0;"Pipe On The Hob, The (1)"
6.00000;10230;10230;7;0;"Piper In The Cave, The (4)"
6.00000;5837;5837;7;0;"Piper's Broken Finger, The (4)"
6.00000;6994;18567;2;0;"Piper's Maggot, The (6)"
6.00000;14873;27469;7;0;"Piper's Weird, The (1)"
6.00000;14873;30794;2;0;"Piper's Weird, The (1)"
6.00000;6264;6264;5;0;"Piper's Wife, The (7)"
6.00000;13238;23042;0;0;"Plains Of Waterloo, The (2)"
6.00000;10039;20174;3;0;"Planxty Burke (7)"
6.00000;10039;10039;0;0;"Planxty Burke (7)"
6.00000;10039;20175;3;0;"Planxty Burke (7)"
6.00000;10039;20177;0;0;"Planxty Burke (7)"
6.00000;10039;32553;0;0;"Planxty Burke (7)"
6.00000;2937;23622;9;0;"Planxty Davis (0)"
6.00000;14455;26575;5;0;"Planxty Drew (7)"
6.00000;14455;26573;3;0;"Planxty Drew (7)"
6.00000;1768;24858;5;0;"Plough And The Stars, The (4)"
6.00000;3182;33137;5;0;"Point Road, The (1)"
6.00000;15872;29858;7;0;"Polska Från Mörkö (7)"
6.00000;17208;32983;2;0;"Polska Från Vallsta (7)"
6.00000;15825;29791;5;0;"Poor Girl's (7)"
6.00000;13424;23659;2;0;"Poppy's (4)"
6.00000;6668;6668;5;0;"Port Atholl (7)"
6.00000;1811;30752;7;0;"Pórt Na BPúcaí (7)"
6.00000;11496;11496;10;0;"Port Proust (4)"
6.00000;16304;30873;2;0;"Prayer For The Dawn (7)"
6.00000;8164;8164;5;0;"Premier, The (4)"
6.00000;2589;2589;7;0;"Pressed For Time (4)"
6.00000;2589;15849;7;0;"Pressed For Time (4)"
6.00000;2589;30272;7;0;"Pressed For Time (4)"
6.00000;2589;30996;2;0;"Pressed For Time (4)"
6.00000;2589;31884;7;0;"Pressed For Time (4)"
6.00000;1758;15203;7;0;"Pretty Girl Milking Her Cow, The (7)"
6.00000;1758;33033;0;0;"Pretty Girl Milking Her Cow, The (7)"
6.00000;3564;16589;5;0;"Pretty Maggie Morrissey (0)"
6.00000;6085;17973;5;0;"Pretty Pond Lily, The (7)"
6.00000;3253;3253;2;0;"Pride Of Erin, The (1)"
6.00000;3253;25093;2;0;"Pride Of Erin, The (1)"
6.00000;5463;5463;5;0;"Pride Of Leinster, The (1)"
6.00000;877;28469;2;0;"Priest In His Boots, The (1)"
6.00000;6670;6670;9;0;"Purfy (1)"
6.00000;6670;18329;9;0;"Purfy (1)"
6.00000;7265;7265;0;0;"Queen Mary, The (7)"
6.00000;7265;18788;0;0;"Queen Mary, The (7)"
6.00000;14265;26018;5;0;"Queer Fellow (0)"
6.00000;154;22186;0;0;"Quille's (4)"
6.00000;1172;1172;5;0;"Quindaro, The (0)"
6.00000;6346;6346;0;0;"Rabbie's (4)"
6.00000;7762;7762;0;0;"Rabbit Stew (4)"
6.00000;2926;16106;7;0;"Radstock (4)"
6.00000;3683;3683;0;0;"Rain In Slane, The (7)"
6.00000;16162;30479;2;0;"Real Rails (4)"
6.00000;6172;6172;7;0;"Realignment Of Wheels, The (1)"
6.00000;11858;11858;9;0;"Recession, The (1)"
6.00000;2231;2231;2;0;"Reel Around The Sun (4)"
6.00000;2231;11046;2;0;"Reel Around The Sun (4)"
6.00000;5184;5184;8;0;"Reel Dans 'La Cuisinière' (4)"
6.00000;5184;17455;3;0;"Reel Dans 'La Cuisinière' (4)"
6.00000;5184;17456;5;0;"Reel Dans 'La Cuisinière' (4)"
6.00000;5184;17457;7;0;"Reel Dans 'La Cuisinière' (4)"
6.00000;5184;33551;5;0;"Reel Dans 'La Cuisinière' (4)"
6.00000;5089;5089;5;0;"Reel De Chicoutimi (4)"
6.00000;17578;33804;7;0;"Reel Du Bonhomme (4)"
6.00000;17408;33401;11;0;"Reel De Roberval (4)"
6.00000;17404;33396;5;0;"Reel Des Lilas (4)"
6.00000;5694;5694;7;0;"Reel Di Randone (4)"
6.00000;3294;3294;3;0;"Reel Of Bogie, The (4)"
6.00000;575;13561;5;0;"Reel Of Rio, The (4)"
6.00000;7033;24762;0;0;"Reel Of Tulloch, The (2)"
6.00000;7033;24762;10;0;"Reel Of Tulloch, The (2)"
6.00000;17603;33873;7;0;"Reel St-Michel (4)"
6.00000;17603;33874;7;0;"Reel St-Michel (4)"
6.00000;17603;33908;7;0;"Reel St-Michel (4)"
6.00000;11916;11916;5;0;"Requiem Pour Le Pendu (6)"
6.00000;2223;15589;9;0;"Resting Chair, The (2)"
6.00000;8292;8292;0;0;"Return, The (7)"
6.00000;4642;4642;7;0;"Reverend Penberthy's Trombone, The (1)"
6.00000;8453;8453;0;0;"Richard Dwyer's (4)"
6.00000;6449;18162;7;0;"Richard Robinson's March (2)"
6.00000;6448;6448;2;0;"Ricky's (0)"
6.00000;6448;18160;7;0;"Ricky's (0)"
6.00000;2673;2673;0;0;"Rigaudon (4)"
6.00000;8774;19678;7;0;"Rising Sun, The (4)"
6.00000;11456;11456;0;0;"Rita's (1)"
6.00000;12922;22134;5;0;"River Field (7)"
6.00000;5270;21472;9;0;"Road To Errogie, The (4)"
6.00000;5270;31863;5;0;"Road To Errogie, The (4)"
6.00000;10916;10916;0;0;"Road To Ness, The (1)"
6.00000;1709;15132;5;0;"Road To Skye, The (1)"
6.00000;12001;12001;7;0;"Road To The River (0)"
6.00000;15686;29436;0;0;"Road To Tumu, The (1)"
6.00000;91;12629;5;0;"Roaring Barmaid, The (1)"
6.00000;91;25915;5;0;"Roaring Barmaid, The (1)"
6.00000;91;33988;5;0;"Roaring Barmaid, The (1)"
6.00000;17383;33343;5;0;"Rollicking Skipper, The (1)"
6.00000;6058;6058;4;0;"Romanian Fantasy (7)"
6.00000;14266;26020;0;0;"Romp, The (1)"
6.00000;7969;19217;7;0;"Ronnie's (1)"
6.00000;12491;20876;5;0;"Rookland Lasses (1)"
6.00000;2905;2905;2;0;"Rory MacLeod (1)"
6.00000;2569;2569;2;0;"Rosc Catha Na Mumhan (2)"
6.00000;16444;31161;5;0;"Roscoe (4)"
6.00000;12090;12090;7;0;"Rose Mooney (2)"
6.00000;16813;32020;2;0;"Rose Of St Magnus (2)"
6.00000;16813;32031;2;0;"Rose Of St Magnus (2)"
6.00000;16813;32036;7;0;"Rose Of St Magnus (2)"
6.00000;10782;10782;0;0;"Roses For Elizabeth (1)"
6.00000;10782;10782;7;0;"Roses For Elizabeth (1)"
6.00000;7639;27530;7;0;"Rosin The Bow (1)"
6.00000;11032;11032;10;0;"Ross's (4)"
6.00000;11032;20554;0;0;"Ross's (4)"
6.00000;16476;31245;0;0;"Round About The Maypole (1)"
6.00000;13856;24873;0;0;"Royal Weddings (4)"
6.00000;10587;10587;7;0;"Rubber Band, The (5)"
6.00000;307;13070;0;0;"Saddle The Pony (1)"
6.00000;12708;30380;2;0;"Sailor's (0)"
6.00000;5553;5553;5;0;"Salley Picker, The (0)"
6.00000;17335;33225;7;0;"Sally (4)"
6.00000;17335;33227;5;0;"Sally (4)"
6.00000;16193;30594;10;0;"Salty Squid (0)"
6.00000;5733;22764;11;0;"Sandy Cameron (4)"
6.00000;1463;1463;2;0;"Saratoga (4)"
6.00000;3985;3985;7;0;"Scandalmonger's, The (7)"
6.00000;12819;22674;7;0;"Scott Skinner's Compliments To Dr. MacDonald (2)"
6.00000;17207;32981;7;0;"Scottish Fairy, The (4)"
6.00000;13794;24725;7;0;"Sea Of Dreams, The (4)"
6.00000;235;21798;7;0;"Sean Bui (1)"
6.00000;280;13028;0;0;"Seanamhac Tube Station (1)"
6.00000;13547;23970;5;0;"Secret Of Roan Inish Theme, The (7)"
6.00000;6528;18218;0;0;"Shamrock, The (6)"
6.00000;6528;32352;0;0;"Shamrock, The (6)"
6.00000;8825;19728;5;0;"Shan Van Vocht, The (4)"
6.00000;8745;19663;5;0;"Shanahan's Rambles (1)"
6.00000;5731;5731;0;0;"Shanne Bradley (7)"
6.00000;5731;17695;0;0;"Shanne Bradley (7)"
6.00000;12887;22045;0;0;"Shelg Yn Dreean (1)"
6.00000;7009;7009;5;0;"Shifting Peat And Feet (1)"
6.00000;261;261;5;0;"Ships In Full Sail, The (1)"
6.00000;261;12998;0;0;"Ships In Full Sail, The (1)"
6.00000;261;12998;5;0;"Ships In Full Sail, The (1)"
6.00000;261;13000;7;0;"Ships In Full Sail, The (1)"
6.00000;261;23977;7;0;"Ships In Full Sail, The (1)"
6.00000;7905;7905;0;0;"Shove The Pig's Foot A Little Closer To The Fire (4)"
6.00000;7485;7485;5;0;"Shuter's (0)"
6.00000;449;13324;0;0;"Sí Beag Sí Mór (7)"
6.00000;12059;12059;7;0;"Siena, The (7)"
6.00000;8479;8479;0;0;"Silver Slipper, The (6)"
6.00000;8479;19528;0;0;"Silver Slipper, The (6)"
6.00000;8479;26888;0;0;"Silver Slipper, The (6)"
6.00000;8479;31320;0;0;"Silver Slipper, The (6)"
6.00000;2440;2440;0;0;"Sinking Pint, The (4)"
6.00000;8741;8741;5;0;"Skräddarkadrilj (2)"
6.00000;8741;19655;5;0;"Skräddarkadrilj (2)"
6.00000;12645;21278;5;0;"Skye Air (7)"
6.00000;12645;21277;5;0;"Skye Air (7)"
6.00000;12645;22837;7;0;"Skye Air (7)"
6.00000;1001;1001;7;0;"Sleep Soond Ida Mornin' (4)"
6.00000;787;13918;9;0;"Sleepy Maggie (4)"
6.00000;3285;3285;5;0;"Sliabh Aughty March, The (3)"
6.00000;7595;26342;5;0;"Sliabh Na MBan (7)"
6.00000;5615;5615;0;0;"Sliding Down The Bannister (1)"
6.00000;5615;17647;0;0;"Sliding Down The Bannister (1)"
6.00000;5615;17648;0;0;"Sliding Down The Bannister (1)"
6.00000;15509;29061;5;0;"Slievman's (0)"
6.00000;6618;6618;7;0;"Slovenian Chicken, The (4)"
6.00000;10403;20353;7;0;"Smith Of Chilliechassie, The (4)"
6.00000;5297;5297;7;0;"Snow In April (4)"
6.00000;10340;10340;2;0;"Sock In The Hole (3)"
6.00000;7475;7475;5;0;"Song Of The Riddles, The (1)"
6.00000;7475;18963;0;0;"Song Of The Riddles, The (1)"
6.00000;1185;26521;7;0;"Sonny Brogan's (1)"
6.00000;16765;31938;9;0;"Soona Lucky Da (4)"
6.00000;1101;1101;7;0;"Sound Of Sleat, The (4)"
6.00000;1559;14970;2;0;"Spancil Hill (7)"
6.00000;1559;1559;2;0;"Spancil Hill (7)"
6.00000;1559;14971;2;0;"Spancil Hill (7)"
6.00000;16898;32187;0;0;"Spanish Song (7)"
6.00000;3828;3828;7;0;"Spicy, The (1)"
6.00000;8570;19560;0;0;"Spinning Wheel, The (4)"
6.00000;6854;6854;2;0;"Sprig Of Rowan (4)"
6.00000;6854;6854;7;0;"Sprig Of Rowan (4)"
6.00000;3967;16828;7;0;"Spotted Dog, The (1)"
6.00000;3967;25075;0;0;"Spotted Dog, The (1)"
6.00000;6873;29911;9;0;"Squire Woods Lamentation On Refusal Of His Halfpence (4)"
6.00000;9964;9964;0;0;"Square Da Mizzen (4)"
6.00000;6873;31543;4;0;"Squire Woods Lamentation On Refusal Of His Halfpence (4)"
6.00000;6873;31545;4;0;"Squire Woods Lamentation On Refusal Of His Halfpence (4)"
6.00000;6913;6913;5;0;"Squirrel Heads And Gravy (4)"
6.00000;10781;10781;0;0;"Squirrel's (0)"
6.00000;5782;5782;0;0;"Stack Of Oats, The (2)"
6.00000;5782;21836;0;0;"Stack Of Oats, The (2)"
6.00000;6804;6804;7;0;"Stananivy (7)"
6.00000;8586;8586;9;0;"Star Of Brittany, The (7)"
6.00000;9747;9747;7;0;"Star Of The County Down, The (7)"
6.00000;17112;32731;0;0;"Steffaleken (7)"
6.00000;12670;21371;0;0;"Stenselepolskan (7)"
6.00000;17544;33706;3;0;"Stephen's (7)"
6.00000;17544;33708;5;0;"Stephen's (7)"
6.00000;10629;10629;5;0;"Steve And Marian's (0)"
6.00000;2646;22197;5;0;"Stolen Purse, The (1)"
6.00000;10471;10471;0;0;"Stomach Steinway Man (4)"
6.00000;10471;20391;0;0;"Stomach Steinway Man (4)"
6.00000;4669;4669;9;0;"Stoortmont Shuffle (1)"
6.00000;9920;9920;2;0;"Strange Dance, The (1)"
6.00000;5029;5029;0;0;"Strawberry Blossom, The (0)"
6.00000;5029;17374;0;0;"Strawberry Blossom, The (0)"
6.00000;3158;3158;11;0;"Suleman's Kopanitsa (5)"
6.00000;15752;29614;5;0;"Sully's (1)"
6.00000;15163;28117;2;0;"Summer Time (7)"
6.00000;15163;28120;4;0;"Summer Time (7)"
6.00000;13804;24768;2;0;"Sundays (7)"
6.00000;13158;22700;7;0;"Sunday's Well (7)"
6.00000;13804;31908;2;0;"Sundays (7)"
6.00000;13804;31909;7;0;"Sundays (7)"
6.00000;12938;22173;0;0;"Sussex, The (7)"
6.00000;661;13695;5;0;"Swaggering Jig, The (6)"
6.00000;661;31339;5;0;"Swaggering Jig, The (6)"
6.00000;1036;14268;5;0;"Swan, The (0)"
6.00000;8092;8092;5;0;"Swedish Masquerade (2)"
6.00000;13084;22525;0;0;"Sweet Dublin Bay (7)"
6.00000;13084;30192;7;0;"Sweet Dublin Bay (7)"
6.00000;13084;30194;2;0;"Sweet Dublin Bay (7)"
6.00000;2997;26204;5;0;"Sweet Flowers Of Milltown, The (2)"
6.00000;15343;28606;2;0;"Sweet Molly (2)"
6.00000;236;12937;7;0;"Swinging On The Gate (4)"
6.00000;17274;33088;7;0;"Swiss Cottage (Ballindalloch) (4)"
6.00000;6108;6108;0;0;"Taflwn Yr Hosan (6)"
6.00000;13823;24815;7;0;"Talijanska (7)"
6.00000;4257;4257;5;0;"Tantan's (1)"
6.00000;711;13780;7;0;"Tap Room, The (4)"
6.00000;711;13779;7;0;"Tap Room, The (4)"
6.00000;14272;29525;2;0;"Tara From Macclesfield (1)"
6.00000;10133;20229;5;0;"Tarmon's (3)"
6.00000;8450;8450;7;0;"Tartan Bonnets (4)"
6.00000;3839;3839;0;0;"Tartar Frigate, The (4)"
6.00000;12277;12277;0;0;"Taylor's Measure, The (4)"
6.00000;12424;20723;5;0;"Tear The Callies (1)"
6.00000;1004;1004;0;0;"Tempest, The (4)"
6.00000;1004;14219;0;0;"Tempest, The (4)"
6.00000;1004;14222;2;0;"Tempest, The (4)"
6.00000;10801;27777;5;0;"Temple In The Glen, The (4)"
6.00000;10801;20501;5;0;"Temple In The Glen, The (4)"
6.00000;5216;30845;2;0;"Templehouse, The (1)"
6.00000;2155;2155;7;0;"Ten Pound Fiddle, The (4)"
6.00000;10545;10545;5;0;"Tennessee, The (7)"
6.00000;5818;33648;0;0;"Tenpenny Piece, The (6)"
6.00000;12573;21112;7;0;"Terry Lane's (7)"
6.00000;10553;10553;0;0;"Thank God It's Friar Dee (3)"
6.00000;1703;29148;0;0;"That's Right Too! (4)"
6.00000;9391;19999;7;0;"Thomas Leixlip The Proud (7)"
6.00000;9030;19848;5;0;"Three Around Three (2)"
6.00000;4716;30144;9;0;"Throne's Gold Stone, The (4)"
6.00000;17412;33415;0;0;"Through The Gates (2)"
6.00000;5543;5543;7;0;"Through The Roof (6)"
6.00000;17003;32469;2;0;"Thrums Cairn, The (4)"
6.00000;17097;32698;0;0;"Tilting The Windmill (1)"
6.00000;4832;4832;10;0;"Time Has Not Been Kind (1)"
6.00000;11553;11553;7;0;"To The Edges (7)"
6.00000;1541;1541;7;0;"Tom Ash's March (4)"
6.00000;1541;29270;2;0;"Tom Ash's March (4)"
6.00000;1986;25311;5;0;"Tomeen O'Dea's (4)"
6.00000;440;33829;5;0;"Tommy Coen's (4)"
6.00000;2579;2579;5;0;"Tommy Hunt's Jig (6)"
6.00000;1100;14351;5;0;"Tommy Peoples' (4)"
6.00000;1100;21682;5;0;"Tommy Peoples' (4)"
6.00000;5345;5345;3;0;"Top Of The Hill (4)"
6.00000;3248;3248;0;0;"Tornado Two Step, The (4)"
6.00000;9139;29502;0;0;"Tourist, The (0)"
6.00000;9139;29507;7;0;"Tourist, The (0)"
6.00000;5900;5900;0;0;"Town Of Cootehill, The (1)"
6.00000;7025;7025;7;0;"Train Tracks (4)"
6.00000;7091;21849;0;0;"Tramps And Hawkers (7)"
6.00000;9495;9495;7;0;"Travellers (7)"
6.00000;1787;1787;5;0;"Trip To Birmingham, The (4)"
6.00000;1787;27817;5;0;"Trip To Birmingham, The (4)"
6.00000;9125;9125;5;0;"Trip To Leeville, The (4)"
6.00000;1136;28393;7;0;"Trip To Lerwick, The (1)"
6.00000;9417;9417;2;0;"Trip To London (1)"
6.00000;6524;6524;5;0;"Trip We Took Over The Mountain, The (7)"
6.00000;6524;18210;5;0;"Trip We Took Over The Mountain, The (7)"
6.00000;15692;29472;5;0;"Trondheimsfjorden (4)"
6.00000;15692;29473;0;0;"Trondheimsfjorden (4)"
6.00000;2014;15424;7;0;"Troy's Wedding (1)"
6.00000;2014;32455;7;0;"Troy's Wedding (1)"
6.00000;1408;14780;0;0;"Trumpet, The (0)"
6.00000;1408;14780;5;0;"Trumpet, The (0)"
6.00000;1408;29445;5;0;"Trumpet, The (0)"
6.00000;6555;6555;5;0;"Tune For Bartley (0)"
6.00000;12808;21815;0;0;"Turf House, The (4)"
6.00000;8693;8693;10;0;"Twenty Men From Dublin (2)"
6.00000;4733;4733;0;0;"Twisted Fingers (4)"
6.00000;13242;23053;5;0;"Twisting Of The Hay Rope (1)"
6.00000;6302;6302;7;0;"Two Birds In The Bush, The (4)"
6.00000;5938;5938;0;0;"Ugly Duckling, The (2)"
6.00000;4643;4643;10;0;"Ukrainian Tune (3)"
6.00000;4643;17178;7;0;"Ukrainian Tune (3)"
6.00000;14399;26426;5;0;"Úna Bhán (7)"
6.00000;3398;3398;5;0;"Une Autre Fois (4)"
6.00000;8716;8716;2;0;"Up Jumped The Devil (4)"
6.00000;17695;34195;0;0;"Up The River (1)"
6.00000;17695;34196;5;0;"Up The River (1)"
6.00000;6219;6219;5;0;"Valerie Pringle's (4)"
6.00000;6219;18041;2;0;"Valerie Pringle's (4)"
6.00000;16188;30571;7;0;"Valse Des Grands Bancs (7)"
6.00000;13420;23639;0;0;"Valse Des Yeux Bleus, La (7)"
6.00000;3255;25772;5;0;"Victory, The (4)"
6.00000;10980;21493;0;0;"Vidarvalsen (7)"
6.00000;7218;7218;2;0;"Vladimir's Steamboat (4)"
6.00000;1454;14845;0;0;"Wallop The Potlid (1)"
6.00000;818;24415;7;0;"Wallop The Spot (1)"
6.00000;17120;32747;7;0;"Walnut Tree, The (4)"
6.00000;10057;20194;0;0;"Walter Bulwer's (3)"
6.00000;10057;20195;0;0;"Walter Bulwer's (3)"
6.00000;14519;26753;5;0;"Walts Trefforest (7)"
6.00000;16747;31895;0;0;"Waltz For Tich (7)"
6.00000;14882;27488;4;0;"Waltz Of The Grey River (7)"
6.00000;5756;30777;7;0;"Waltz Of The White Lilies (7)"
6.00000;5756;30796;5;0;"Waltz Of The White Lilies (7)"
6.00000;17651;34042;3;0;"Watson's Scotch Measure (4)"
6.00000;8514;27855;2;0;"Wayfaring Stranger, The (4)"
6.00000;5921;5921;4;0;"Wes And Maggie's Ceili Croft (4)"
6.00000;7980;19225;5;0;"West Mabou (4)"
6.00000;258;12990;5;0;"Westbrook Bell, The (4)"
6.00000;1490;33882;5;0;"WestCoaster, The (0)"
6.00000;6500;6500;3;0;"Wexford Carol, The (7)"
6.00000;6500;32844;0;0;"Wexford Carol, The (7)"
6.00000;6500;32859;7;0;"Wexford Carol, The (7)"
6.00000;7258;18785;5;0;"Whiskey In A Pint Glass (3)"
6.00000;8268;8268;5;0;"Whistler And His Dog, The (2)"
6.00000;15172;28152;5;0;"White Winged Diver, The (1)"
6.00000;15172;28160;0;0;"White Winged Diver, The (1)"
6.00000;9635;31590;2;0;"Wild Rover, The (7)"
6.00000;16452;31176;5;0;"Will The Barber (1)"
6.00000;16452;31177;0;0;"Will The Barber (1)"
6.00000;2337;31240;5;0;"Will You Come Down To Limerick (6)"
6.00000;2337;25794;5;0;"Will You Come Down To Limerick (6)"
6.00000;13048;22436;2;0;"Willie And Owen's (4)"
6.00000;476;476;5;0;"Willie Coleman's (1)"
6.00000;5105;5105;0;0;"Willie's Fling (2)"
6.00000;5105;32058;0;0;"Willie's Fling (2)"
6.00000;2774;2774;0;0;"Willy's Single (1)"
6.00000;2774;26384;0;0;"Willy's Single (1)"
6.00000;13111;22565;5;0;"Wind That Shakes The Barley, The (5)"
6.00000;1862;1862;5;0;"Windy Lake, The (4)"
6.00000;797;797;7;0;"Winnie Hayes' (1)"
6.00000;15236;28341;4;0;"Wolf In The Butter, The (1)"
6.00000;6718;6718;5;0;"Ye Banks And Braes (7)"
6.00000;6718;18350;0;0;"Ye Banks And Braes (7)"
6.00000;15072;27904;5;0;"Yellow Rose Of Texas (3)"
6.00000;10752;10752;7;0;"Yetts O' Muckhart (4)"
6.00000;4558;27081;5;0;"Ymdaith Caerffili (2)"
6.00000;16728;31860;7;0;"Zipper, The (4)"
6.00000;10446;20379;0;0;"Zycanthos (1)"
6.00000;3.00000;34
