15.00000;3748;3748;0;0;"Because He Was A Bonny Lad (3)"
15.00000;13223;22977;0;0;"Lord Balgownie's Favourite (2)"
15.00000;6924;6924;0;0;"Maple Sugar (4)"
15.00000;16162;30479;5;0;"Real Rails (4)"
16.00000;459;459;7;0;"Ferny Hill (4)"
16.00000;452;452;7;0;"Fred Finn's (4)"
16.00000;9095;9095;7;0;"Gooseberry Fair (4)"
16.00000;1432;1432;7;0;"Noisy Curlew, The (4)"
16.00000;3733;16700;7;0;"Pedar Bis (2)"
16.00000;652;652;7;0;"Plains Of Boyle, The (0)"
16.00000;5529;5529;7;0;"Ril An Spideal (4)"
16.00000;7904;7904;2;0;"Skye Barbecue (4)"
16.00000;918;918;7;0;"Up Downey (4)"
17.00000;13784;24674;7;0;"Always Travelling (1)"
17.00000;1636;15059;7;0;"An Comhra Donn (0)"
17.00000;1636;23031;7;0;"An Comhra Donn (0)"
17.00000;15960;30038;7;0;"Beth Yw'r Hâf I Mi? (3)"
17.00000;9949;9949;7;0;"Bonny Braes Of Elcho, The (4)"
17.00000;6553;18240;7;0;"Both Meat And Drink (1)"
17.00000;535;1354;0;0;"Boys Of Ballisodare, The (4)"
17.00000;5479;5479;7;0;"Boys Of School Hill (0)"
17.00000;5479;26211;7;0;"Boys Of School Hill (0)"
17.00000;7773;19117;2;0;"Bury The Cabbage (1)"
17.00000;970;27822;7;0;"Connaught Heifers, The (4)"
17.00000;1946;15373;7;0;"Dairy Maid, The (4)"
17.00000;1946;26774;7;0;"Dairy Maid, The (4)"
17.00000;10030;10030;10;0;"Dirty Bee, The (4)"
17.00000;761;13872;7;0;"Dowd's No. 9 (4)"
17.00000;2041;27006;0;0;"Drummer, The (4)"
17.00000;5410;5410;7;0;"Gaelic Gavotte (2)"
17.00000;17553;33745;0;0;"Garey Ford (1)"
17.00000;1462;26848;7;0;"Hare's Paw, The (4)"
17.00000;16928;32262;7;0;"Hjogravylta (4)"
17.00000;14941;27606;7;0;"Hope Valley (4)"
17.00000;3593;16613;10;0;"Horse's Bransle (3)"
17.00000;1163;1163;2;0;"John Stenson's (4)"
17.00000;11192;11192;7;0;"Martin Connolly's (0)"
17.00000;11192;11201;7;0;"Martin Connolly's (0)"
17.00000;15580;29222;7;0;"Metcalfe Fair (4)"
17.00000;1660;21036;5;0;"O'Connor Donn's (4)"
17.00000;10410;10410;10;0;"Mitton's Breakdown (4)"
17.00000;10334;10334;7;0;"Mouldy Pineapple, The (4)"
17.00000;10334;20306;7;0;"Mouldy Pineapple, The (4)"
17.00000;68;12522;7;0;"Mountain Road, The (4)"
17.00000;68;24067;7;0;"Mountain Road, The (4)"
17.00000;68;32930;7;0;"Mountain Road, The (4)"
17.00000;8926;19778;5;0;"Mrs Crotty's (0)"
17.00000;429;429;7;0;"Nine Points Of Roguery, The (4)"
17.00000;10582;10582;7;0;"Quaker, The (3)"
17.00000;5329;5329;7;0;"Reilly Of The White Hill (4)"
17.00000;16379;31025;7;0;"Roaring Mary (4)"
17.00000;12670;21383;10;0;"Stenselepolskan (7)"
17.00000;7341;7341;7;0;"There's Something About Kerry (3)"
17.00000;9574;33143;7;0;"Up Da Stroods (4)"
17.00000;918;1465;7;0;"Up Downey (4)"
17.00000;918;14106;7;0;"Up Downey (4)"
17.00000;918;14108;7;0;"Up Downey (4)"
18.00000;4145;16909;2;0;"A Man's A Man (3)"
18.00000;1107;1107;7;0;"Ace And Deuce Of Pipering, The (0)"
18.00000;1107;21300;7;0;"Ace And Deuce Of Pipering, The (0)"
18.00000;8969;8969;0;0;"Aith Rant (1)"
18.00000;7739;24432;7;0;"An Dro Moyland (4)"
18.00000;7256;7256;2;0;"Baker's, The (4)"
18.00000;2229;2229;7;0;"Belladrum House (2)"
18.00000;11090;11090;7;0;"Billy Ballantine's (0)"
18.00000;11090;29731;3;0;"Billy Ballantine's (0)"
18.00000;1872;15307;7;0;"Billy Brocker's (4)"
18.00000;9337;9337;5;0;"Bindi's Lament (7)"
18.00000;629;25450;0;0;"Bird In The Bush, The (4)"
18.00000;3636;16639;5;0;"Blacksmith's, The (4)"
18.00000;3636;16640;7;0;"Blacksmith's, The (4)"
18.00000;2372;2372;7;0;"Bonaparte's Retreat (4)"
18.00000;2372;32737;7;0;"Bonaparte's Retreat (4)"
18.00000;343;13136;7;0;"Boys Of The Lough, The (4)"
18.00000;5468;17595;0;0;"Breton (7)"
18.00000;9350;9350;5;0;"Call His Mother (4)"
18.00000;284;27523;7;0;"Cameronian, The (4)"
18.00000;2716;15948;7;0;"Carmel Mahoney Mulhaire (4)"
18.00000;3392;3392;7;0;"Chips And Shavings (4)"
18.00000;5460;17592;0;0;"Christmas, The (3)"
18.00000;8354;29627;7;0;"Clicking Chickens, The (4)"
18.00000;12100;12100;7;0;"Clydesdale Lasses, The (4)"
18.00000;970;22041;7;0;"Connaught Heifers, The (4)"
18.00000;9959;9959;2;0;"Connie In The Pool (3)"
18.00000;9894;9894;7;0;"Courthouse (4)"
18.00000;5998;17906;7;0;"Cronin's (4)"
18.00000;1523;14921;0;0;"Culfadda, The (4)"
18.00000;1523;14922;0;0;"Culfadda, The (4)"
18.00000;1523;14923;0;0;"Culfadda, The (4)"
18.00000;1523;25261;0;0;"Culfadda, The (4)"
18.00000;1523;32933;0;0;"Culfadda, The (4)"
18.00000;1946;15370;7;0;"Dairy Maid, The (4)"
18.00000;9127;19915;0;0;"Danzig Willie (6)"
18.00000;9872;9872;7;0;"Dickies (0)"
18.00000;1621;29736;7;0;"Donegal, The (4)"
18.00000;761;13873;7;0;"Dowd's No. 9 (4)"
18.00000;5444;24479;0;0;"Duke Of Perth, The (4)"
18.00000;17053;32585;5;0;"Falco (3)"
18.00000;3338;3338;7;0;"Finbar Dwyer's (4)"
18.00000;2244;2244;0;0;"Finbarr Dwyer's (4)"
18.00000;16609;31573;7;0;"Flypolska (7)"
18.00000;16609;31585;7;0;"Flypolska (7)"
18.00000;1394;14758;0;0;"Four Province Fling, The (0)"
18.00000;11640;11640;7;0;"Ganger's Ass, The (4)"
18.00000;16496;31305;5;0;"Gavottes Des Montagnes (3)"
18.00000;6743;18369;2;0;"Gerald Thomas' Burnt Potato (4)"
18.00000;496;13409;7;0;"Glen Of Aherlow, The (4)"
18.00000;876;22166;7;0;"Gneevgullia (4)"
18.00000;8738;8738;0;0;"Growling Dogs (4)"
18.00000;8738;19649;0;0;"Growling Dogs (4)"
18.00000;2763;2763;7;0;"Happenchance, The (0)"
18.00000;5821;5821;7;0;"Heathery Cruach, The (4)"
18.00000;1524;24183;7;0;"High Caul Cap (3)"
18.00000;3304;3304;2;0;"High Fiddle, The (4)"
18.00000;8663;19597;7;0;"Hooversville (4)"
18.00000;8663;8663;9;0;"Hooversville (4)"
18.00000;5546;5546;7;0;"House, The (4)"
18.00000;12256;12256;2;0;"Hugo's Big (4)"
18.00000;14438;26523;0;0;"Hyd Y Frwynen (4)"
18.00000;1974;24180;7;0;"I Have No Money (4)"
18.00000;2434;2434;7;0;"I'll Tell Me Ma (3)"
18.00000;418;33713;2;0;"Ievan's Polkka (3)"
18.00000;15934;29990;7;0;"Impeachment (4)"
18.00000;13528;23918;7;0;"Jackson's (3)"
18.00000;370;22961;5;0;"Jenny's Welcome To Charlie (4)"
18.00000;934;934;0;0;"John McKenna's (3)"
18.00000;11996;11996;2;0;"John Of Bon Accord (4)"
18.00000;1163;1817;2;0;"John Stenson's (4)"
18.00000;201;22871;7;0;"Johnny Doherty's (4)"
18.00000;8204;22243;0;0;"Kafoozalum (2)"
18.00000;13463;23770;5;0;"Keelman's Petition, The (4)"
18.00000;2070;2070;7;0;"Kilfrush, The (4)"
18.00000;869;34125;7;0;"Kitty's Wedding (0)"
18.00000;1144;1144;0;0;"Lamplighter, The (0)"
18.00000;9318;9318;7;0;"Linhope Loup, The (0)"
18.00000;3127;3127;0;0;"Lisdoonvarna, The (4)"
18.00000;13587;24081;0;0;"Little Red House In Cardiff (4)"
18.00000;5831;17761;7;0;"Magpie's Nest, The (4)"
18.00000;5138;5138;7;0;"McNamara's (2)"
18.00000;16182;30554;7;0;"Mhairi MacLean (4)"
18.00000;12806;21809;2;0;"Miramichi Fire, The (4)"
18.00000;9111;9111;10;0;"Miss Drummond Of Perth's Favourite Scots Measure (2)"
18.00000;12219;12219;0;0;"Mistwold (3)"
18.00000;1941;29425;7;0;"Molloy's Favourite (4)"
18.00000;1310;26549;7;0;"Morpeth Rant, The (4)"
18.00000;68;25940;0;0;"Mountain Road, The (4)"
18.00000;68;30865;7;0;"Mountain Road, The (4)"
18.00000;68;33393;7;0;"Mountain Road, The (4)"
18.00000;423;31137;7;0;"Mouth Of The Tobique, The (4)"
18.00000;14391;26408;3;0;"Niel Gow's Recovery (2)"
18.00000;156;12777;7;0;"Now She's Purring (4)"
18.00000;8192;19375;7;0;"Old Dick's (3)"
18.00000;1596;31064;7;0;"Old Pigeon On The Gate, The (4)"
18.00000;8629;19577;0;0;"Once I Caught A Fish Alive (3)"
18.00000;6490;6490;7;0;"Paddy Fahey's (4)"
18.00000;6490;26259;7;0;"Paddy Fahey's (4)"
18.00000;4178;33478;2;0;"Pedaling Patterns (2)"
18.00000;16447;31167;0;0;"Peekaboo (3)"
18.00000;10147;10147;7;0;"Peter Street (4)"
18.00000;10147;20231;2;0;"Peter Street (4)"
18.00000;6578;18254;7;0;"Pick Of The Litter (4)"
18.00000;2610;22163;7;0;"Pinch Of Snuff, The (4)"
18.00000;591;32650;7;0;"Pinch Of Snuff, The (4)"
18.00000;9660;9660;7;0;"Pouca, The (4)"
18.00000;15837;29805;0;0;"Revenge Of The Harmonica (4)"
18.00000;9099;9099;2;0;"Ring The Banjo (3)"
18.00000;6165;6165;0;0;"Road To Diabaig, The (4)"
18.00000;2698;25024;7;0;"Road To Garrison, The (4)"
18.00000;2698;26069;7;0;"Road To Garrison, The (4)"
18.00000;2986;20698;7;0;"Rose Amang The Heather, The (2)"
18.00000;5003;5003;7;0;"Rose Garden, The (4)"
18.00000;7276;18803;7;0;"Sadegurer Khosid (2)"
18.00000;3140;33876;5;0;"Sailor's Wife, The (1)"
18.00000;10269;25739;0;0;"Shane O'Neill's March (3)"
18.00000;3573;16598;0;0;"Shepherd's Hey (4)"
18.00000;2465;2465;7;0;"Singing Stream, The (4)"
18.00000;2465;25589;7;0;"Singing Stream, The (4)"
18.00000;4245;4245;7;0;"Sliabh Bloom (4)"
18.00000;1356;14703;7;0;"Soldier's Joy (0)"
18.00000;12561;24258;7;0;"Soldier's Joy (4)"
18.00000;12561;24276;7;0;"Soldier's Joy (4)"
18.00000;10263;10263;5;0;"Sparkling Sea, The (1)"
18.00000;4775;4775;0;0;"Sparrow's Tail, The (5)"
18.00000;1285;20762;7;0;"Staten Island (0)"
18.00000;10438;10438;5;0;"Stuck In A Rut (6)"
18.00000;7538;7538;0;0;"TapInn, The (4)"
18.00000;7746;19104;7;0;"Theme Vannitaise (4)"
18.00000;4716;4716;5;0;"Throne's Gold Stone, The (4)"
18.00000;4716;30144;2;0;"Throne's Gold Stone, The (4)"
18.00000;732;13804;7;0;"Thunderhead (1)"
18.00000;1192;14478;0;0;"Tich's (4)"
18.00000;9272;19968;0;0;"Uncle Bernard's (3)"
18.00000;4116;4116;10;0;"Up The Roman Road (4)"
18.00000;1997;1997;0;0;"Way Out Yonder (1)"
18.00000;586;586;7;0;"Whistling Postman, The (4)"
18.00000;2828;18515;7;0;"Wren, The (4)"
19.00000;4349;4349;0;0;"A Mile Down The Road (0)"
19.00000;4349;17033;2;0;"A Mile Down The Road (0)"
19.00000;1918;1918;2;0;"A Punch In The Dark (4)"
19.00000;1918;15341;0;0;"A Punch In The Dark (4)"
19.00000;3345;3345;7;0;"Absent Fiddler, The (4)"
19.00000;8943;8943;2;0;"Alien Dream (3)"
19.00000;13715;24406;7;0;"An Dro Nevez (4)"
19.00000;1992;15413;2;0;"An Fathach Tireannach (1)"
19.00000;15682;29428;7;0;"Angst Agus Angus (1)"
19.00000;15146;28078;7;0;"Around The House And Mind The Dresser (5)"
19.00000;1011;14229;7;0;"Around The World For Sport (4)"
19.00000;3813;21783;7;0;"Atlantic Roar, The (0)"
19.00000;11257;11257;0;0;"Aube Mauve (7)"
19.00000;3631;16627;7;0;"Babes In The Wood (3)"
19.00000;3631;16634;7;0;"Babes In The Wood (3)"
19.00000;11527;11527;0;0;"Ballybutton (3)"
19.00000;15202;28253;7;0;"Beara Minstrel, The (4)"
19.00000;14613;26991;10;0;"Beti O Lansanffraid (6)"
19.00000;9135;19918;7;0;"Bill Connor's (4)"
19.00000;4456;4456;7;0;"Billy Brocker's (4)"
19.00000;4456;27738;7;0;"Billy Brocker's (4)"
19.00000;629;13651;0;0;"Bird In The Bush, The (4)"
19.00000;4101;31201;7;0;"Blackbird, The (0)"
19.00000;3636;3636;0;0;"Blacksmith's, The (4)"
19.00000;3636;32872;7;0;"Blacksmith's, The (4)"
19.00000;3636;23482;0;0;"Blacksmith's, The (4)"
19.00000;3636;25483;2;0;"Blacksmith's, The (4)"
19.00000;3636;25484;7;0;"Blacksmith's, The (4)"
19.00000;3636;30901;7;0;"Blacksmith's, The (4)"
19.00000;2558;2558;2;0;"Blow It Again (3)"
19.00000;5535;5535;7;0;"Blue Ribbon, The (3)"
19.00000;7506;7506;0;0;"Bo's Tune (4)"
19.00000;15691;29462;10;0;"Bob Herdman's Lost Tomato (4)"
19.00000;1960;21612;7;0;"Bog Carrot, The (4)"
19.00000;2372;15719;7;0;"Bonaparte's Retreat (4)"
19.00000;754;13862;7;0;"Bonnie Kate (4)"
19.00000;6553;6553;7;0;"Both Meat And Drink (1)"
19.00000;6553;18241;7;0;"Both Meat And Drink (1)"
19.00000;975;975;7;0;"Boy In The Boat, The (4)"
19.00000;975;28565;7;0;"Boy In The Boat, The (4)"
19.00000;8937;8937;7;0;"Braes Of Killiecrankie, The (2)"
19.00000;11631;11631;7;0;"Brian Luby's (3)"
19.00000;10181;10181;7;0;"Bristol (3)"
19.00000;16323;30910;7;0;"Busy Gardener, The (4)"
19.00000;4230;4230;7;0;"Camel Hump (4)"
19.00000;4230;16971;0;0;"Camel Hump (4)"
19.00000;15659;29376;0;0;"Camel's Toe, The (4)"
19.00000;10174;10174;2;0;"Canongate Twitch, The (4)"
19.00000;1141;1141;7;0;"Captain John's (0)"
19.00000;4689;4689;7;0;"Captain Lockhart Of The Tartar (4)"
19.00000;2716;15952;7;0;"Carmel Mahoney Mulhaire (4)"
19.00000;9785;26882;2;0;"Carpe Diem (4)"
19.00000;1205;27067;7;0;"Castlebar Races, The (1)"
19.00000;2115;4007;7;0;"Charlie Lennon's (4)"
19.00000;4492;4492;0;0;"Charlie's Car (4)"
19.00000;7179;18728;0;0;"Chick'n Pig (4)"
19.00000;5460;5460;0;0;"Christmas, The (3)"
19.00000;10184;10184;7;0;"Clarkson's (4)"
19.00000;547;30083;0;0;"Cleveland Park (1)"
19.00000;547;33310;0;0;"Cleveland Park (1)"
19.00000;412;412;7;0;"Cliffs, The (0)"
19.00000;11369;11369;0;0;"Colm's (4)"
19.00000;970;970;7;0;"Connaught Heifers, The (4)"
19.00000;11121;11121;2;0;"Continental, The (3)"
19.00000;943;943;7;0;"Corney Is Coming (4)"
19.00000;4038;4038;0;0;"Corofin Departure, The (4)"
19.00000;9858;21106;2;0;"Cota Mor Ealasaid (4)"
19.00000;9858;22156;2;0;"Cota Mor Ealasaid (4)"
19.00000;5998;17911;5;0;"Cronin's (4)"
19.00000;8347;8347;7;0;"Crossroads Fling, The (5)"
19.00000;11295;21808;7;0;"Cuckoo's Nest, The (2)"
19.00000;670;13711;0;0;"Curlew Hills, The (2)"
19.00000;670;26972;0;0;"Curlew Hills, The (2)"
19.00000;670;13715;7;0;"Curlew Hills, The (2)"
19.00000;1271;1271;7;0;"Cut The File (1)"
19.00000;8060;8060;7;0;"Da Fashion O' Da Delting Lasses (4)"
19.00000;8828;8828;7;0;"Da Galley Watch (4)"
19.00000;8828;19730;7;0;"Da Galley Watch (4)"
19.00000;8828;19731;7;0;"Da Galley Watch (4)"
19.00000;1946;1946;7;0;"Dairy Maid, The (4)"
19.00000;1946;28456;7;0;"Dairy Maid, The (4)"
19.00000;15553;29150;7;0;"Dancer's Denial (4)"
19.00000;1088;32252;7;0;"Dancing The Baby (2)"
19.00000;11062;11062;0;0;"Din Tarrant's (4)"
19.00000;1621;15047;7;0;"Donegal, The (4)"
19.00000;1621;24953;7;0;"Donegal, The (4)"
19.00000;12381;20635;0;0;"Dooley's Delight (4)"
19.00000;761;761;7;0;"Dowd's No. 9 (4)"
19.00000;388;388;7;0;"Drops Of Brandy, The (6)"
19.00000;2041;2041;0;0;"Drummer, The (4)"
19.00000;2041;27007;0;0;"Drummer, The (4)"
19.00000;2041;27009;0;0;"Drummer, The (4)"
19.00000;4994;17361;7;0;"Dublin Lads, The (4)"
19.00000;5444;27697;0;0;"Duke Of Perth, The (4)"
19.00000;2045;2605;7;0;"Duncan Davidson's (2)"
19.00000;16084;30314;3;0;"Earl Of Hyndford, The (4)"
19.00000;16084;32418;7;0;"Earl Of Hyndford, The (4)"
19.00000;8052;21885;7;0;"Earl Of Mansfield's March, The (2)"
19.00000;15784;29693;0;0;"Eklunda (7)"
19.00000;10421;10421;7;0;"El Paso (4)"
19.00000;763;763;7;0;"Emily's (4)"
19.00000;2522;2522;7;0;"Esther's (4)"
19.00000;10873;10873;2;0;"Eyebrows (4)"
19.00000;13733;27269;7;0;"Faithful Friend, The (0)"
19.00000;1241;14538;0;0;"Felton Lonnen (1)"
19.00000;17464;33521;0;0;"Farewell To Galway (4)"
19.00000;4403;4403;7;0;"Farewell To Ireland (4)"
19.00000;982;982;7;0;"Fergus, The (4)"
19.00000;14604;26914;7;0;"Fifty In The Ashtray (4)"
19.00000;3338;26233;7;0;"Finbar Dwyer's (4)"
19.00000;13985;25297;0;0;"Flaring Pot, The (4)"
19.00000;10464;20928;5;0;"Flat Cap (7)"
19.00000;10464;10464;5;0;"Flat Cap (7)"
19.00000;2629;30230;7;0;"Flora Macdonald (4)"
19.00000;16785;31981;2;0;"Flower Of The Town (1)"
19.00000;16609;31593;7;0;"Flypolska (7)"
19.00000;792;13937;7;0;"Fool's (1)"
19.00000;6624;6624;2;0;"Forfar Hunt, The (4)"
19.00000;12642;21268;7;0;"Four Seasons, The (1)"
19.00000;12642;21270;7;0;"Four Seasons, The (1)"
19.00000;14861;27591;0;0;"Fraser Arms, The (4)"
19.00000;448;13315;7;0;"Frost Is All Over, The (1)"
19.00000;448;30289;7;0;"Frost Is All Over, The (1)"
19.00000;3658;3658;7;0;"Gan Ainm (4)"
19.00000;9280;9280;7;0;"Gan Ainm (4)"
19.00000;15753;29616;7;0;"Gan Ainm (4)"
19.00000;2243;28125;0;0;"Gates Of Mullagh, The (4)"
19.00000;2081;26017;0;0;"Gavotte (5)"
19.00000;17452;33494;7;0;"Gigue De Terrebonne (4)"
19.00000;17452;33799;7;0;"Gigue De Terrebonne (4)"
19.00000;9472;9472;0;0;"Glenlivet (4)"
19.00000;6271;27528;10;0;"Gloomy Winter (2)"
19.00000;6271;6271;0;0;"Gloomy Winter (2)"
19.00000;1268;1268;7;0;"Glory (4)"
19.00000;1268;21959;7;0;"Glory (4)"
19.00000;6499;18192;7;0;"Good For The Tongue (0)"
19.00000;6499;18193;7;0;"Good For The Tongue (0)"
19.00000;14505;26717;7;0;"Goose Cove March (2)"
19.00000;2087;15481;5;0;"Gort Na Mona (6)"
19.00000;12409;20685;7;0;"Grandfather's Thought (0)"
19.00000;322;322;7;0;"Green Fields Of Rossbeigh, The (4)"
19.00000;8833;8833;7;0;"Green Flag, The (3)"
19.00000;6546;18231;7;0;"Green Pigeon, The (4)"
19.00000;6546;18233;7;0;"Green Pigeon, The (4)"
19.00000;10932;10932;0;0;"Grey Corries, The (4)"
19.00000;169;12809;7;0;"Gusty's Frolics (6)"
19.00000;800;800;7;0;"Hand Me Down The Tackle (4)"
19.00000;17382;33340;0;0;"Harbour Deep Tune (3)"
19.00000;10867;10867;7;0;"He Prefers Bracken (4)"
19.00000;678;13728;7;0;"Hedigan's Fancy (6)"
19.00000;4991;4991;7;0;"Heights Of Alma, The (0)"
19.00000;4261;22472;7;0;"Henchey's Delight (1)"
19.00000;12906;31683;0;0;"Hie Mee Stiagh (5)"
19.00000;12906;31684;2;0;"Hie Mee Stiagh (5)"
19.00000;6186;6186;7;0;"Hill 60 (4)"
19.00000;10640;10640;7;0;"Hommage à Gilles Laprise (4)"
19.00000;10640;33965;7;0;"Hommage à Gilles Laprise (4)"
19.00000;2825;23278;7;0;"Hornless Cow, The (4)"
19.00000;3593;26143;0;0;"Horse's Bransle (3)"
19.00000;413;22994;7;0;"Humours Of Drinagh, The (1)"
19.00000;141;530;0;0;"Humours Of Tulla, The (4)"
19.00000;418;34315;2;0;"Ievan's Polkka (3)"
19.00000;15934;30018;7;0;"Impeachment (4)"
19.00000;7440;18929;10;0;"Indian Summer (4)"
19.00000;13236;23029;2;0;"Inishmurray, The (0)"
19.00000;3743;3743;2;0;"Inverness Fiddler, The (2)"
19.00000;13364;23474;7;0;"Irene Meldrum's Welcome To Bon Accord (2)"
19.00000;13364;24165;7;0;"Irene Meldrum's Welcome To Bon Accord (2)"
19.00000;6900;6900;7;0;"Jack Brennan's (4)"
19.00000;6900;27928;5;0;"Jack Brennan's (4)"
19.00000;2699;2699;7;0;"Jackson's Morning Brush (1)"
19.00000;2699;24740;7;0;"Jackson's Morning Brush (1)"
19.00000;1965;1965;2;0;"Janet Geater (4)"
19.00000;1411;14788;7;0;"Jennie Rocking The Cradle (4)"
19.00000;16243;30735;10;0;"Jig For Yvette (6)"
19.00000;13719;24412;7;0;"Jimmy Dolan's (2)"
19.00000;10295;10295;5;0;"Jimmy McBride's (4)"
19.00000;1163;14431;0;0;"John Stenson's (4)"
19.00000;2778;2778;0;0;"Josephine Keegan's (4)"
19.00000;2778;16005;0;0;"Josephine Keegan's (4)"
19.00000;9491;9491;5;0;"Kaleb Watt Of The Broch (4)"
19.00000;16110;30371;3;0;"Kas A Bar (4)"
19.00000;1456;23448;2;0;"Kas Ha Barh (4)"
19.00000;52;27534;7;0;"Kid On The Mountain, The (6)"
19.00000;54;27828;7;0;"King Of The Pipers (1)"
19.00000;14718;27164;7;0;"Kiss The Bride (4)"
19.00000;676;13724;7;0;"Kiss The Maid Behind The Barrel (4)"
19.00000;3489;26064;0;0;"La Grande Chaine (4)"
19.00000;17191;32949;7;0;"Lady Mauchline's (4)"
19.00000;8648;8648;7;0;"Lamentation Of The Dead Perch, The (1)"
19.00000;1580;21027;0;0;"Lark's March (1)"
19.00000;3358;34006;0;0;"Le 24 Juin (4)"
19.00000;2286;15647;7;0;"Leather Away The Wattle-O (3)"
19.00000;2286;15649;7;0;"Leather Away The Wattle-O (3)"
19.00000;6069;6069;2;0;"Leaving The Nest (1)"
19.00000;16372;31012;7;0;"Les Pieds Joyeux (4)"
19.00000;12854;21968;0;0;"Lewis Lilt (3)"
19.00000;1368;1368;7;0;"Little Cascade, The (4)"
19.00000;2172;15541;7;0;"Little Katie Taylor (4)"
19.00000;2172;15547;7;0;"Little Katie Taylor (4)"
19.00000;4129;4129;7;0;"Lose The Head (4)"
19.00000;1552;29073;7;0;"Lucy Campbell (4)"
19.00000;14574;26839;0;0;"Lucy Farr's (4)"
19.00000;10737;10737;0;0;"Lucy's (7)"
19.00000;9401;9401;7;0;"Maclotte De Steinbach (1)"
19.00000;2289;15652;10;0;"Maghera Mountain (4)"
19.00000;4493;17097;7;0;"Maid Of Athens, The (4)"
19.00000;11993;11993;0;0;"Mak A Kishie Needle, Dye (4)"
19.00000;9948;9948;7;0;"Man With The Money, The (4)"
19.00000;11028;11028;0;0;"March Of The One-Legged Dog (1)"
19.00000;17427;33437;7;0;"Marcha De Riosa (3)"
19.00000;6832;18420;0;0;"Marquis Of Waterford, The (0)"
19.00000;9898;22952;7;0;"Martin Mulvihill's (1)"
19.00000;2836;2836;0;0;"Martin Riley's (4)"
19.00000;461;27212;7;0;"Martin Wynne's (4)"
19.00000;461;27885;7;0;"Martin Wynne's (4)"
19.00000;1934;1934;7;0;"Mary McMahon (4)"
19.00000;367;20652;7;0;"Mayor Harrison's Fedora (4)"
19.00000;5251;5251;2;0;"Medal, The (0)"
19.00000;15580;29252;7;0;"Metcalfe Fair (4)"
19.00000;9877;9877;2;0;"Michael Rankin's (4)"
19.00000;9877;20129;2;0;"Michael Rankin's (4)"
19.00000;12806;21810;2;0;"Miramichi Fire, The (4)"
19.00000;9111;19908;10;0;"Miss Drummond Of Perth's Favourite Scots Measure (2)"
19.00000;1941;1941;7;0;"Molloy's Favourite (4)"
19.00000;1941;15366;7;0;"Molloy's Favourite (4)"
19.00000;4660;4660;10;0;"Mominsko Horo (6)"
19.00000;67;67;7;0;"Monaghan, The (1)"
19.00000;67;25892;7;0;"Monaghan, The (1)"
19.00000;12434;20751;0;0;"Monmouth (0)"
19.00000;1310;26066;7;0;"Morpeth Rant, The (4)"
19.00000;68;68;7;0;"Mountain Road, The (4)"
19.00000;68;22881;0;0;"Mountain Road, The (4)"
19.00000;5641;5641;2;0;"Mr Sharp's Quadrille (4)"
19.00000;5641;26239;2;0;"Mr Sharp's Quadrille (4)"
19.00000;11729;24559;2;0;"Mrs. Dundas McQueen (4)"
19.00000;1096;1096;0;0;"Muineira De Casu (1)"
19.00000;9101;19900;7;0;"Muineira De Lugo (1)"
19.00000;16873;32141;7;0;"Muliñeira De Santalla D'Ozcos (1)"
19.00000;10630;10630;7;0;"My Heart's Full Of Cheer 'Cause My Belly's Full Of Porter (1)"
19.00000;10630;20446;7;0;"My Heart's Full Of Cheer 'Cause My Belly's Full Of Porter (1)"
19.00000;77;12567;7;0;"My Love Is In America (4)"
19.00000;14978;27677;7;0;"My Love Is In The House (4)"
19.00000;15729;29556;7;0;"My Love Is In The House (4)"
19.00000;15428;28868;0;0;"My Sunny Valentine (4)"
19.00000;8616;8616;10;0;"Neckbelly #2 (4)"
19.00000;8616;19568;7;0;"Neckbelly #2 (4)"
19.00000;8616;19569;9;0;"Neckbelly #2 (4)"
19.00000;15118;28032;7;0;"Never Grow Old (4)"
19.00000;1274;31790;7;0;"New Found Out, The (4)"
19.00000;6752;6752;7;0;"New House, The (4)"
19.00000;16542;31414;10;0;"Old Beach Road (4)"
19.00000;16996;32449;7;0;"Old Dock Road, The (4)"
19.00000;3311;3311;7;0;"Old Maid, The (4)"
19.00000;1596;1596;7;0;"Old Pigeon On The Gate, The (4)"
19.00000;1596;15004;7;0;"Old Pigeon On The Gate, The (4)"
19.00000;15416;28859;2;0;"Old Rocking Chair (1)"
19.00000;3268;3268;2;0;"Old Wheel Of Fortune, The (4)"
19.00000;13399;23577;7;0;"One Summer's Morning (2)"
19.00000;12488;21599;7;0;"Oswestry Wake (1)"
19.00000;4074;16877;7;0;"Paddy Fahey's (4)"
19.00000;2940;18281;0;0;"Paddy Fahey's (4)"
19.00000;2940;18282;0;0;"Paddy Fahey's (4)"
19.00000;150;26266;0;0;"Paddy Fahey's (4)"
19.00000;4891;4891;2;0;"Pauline Conneely's (4)"
19.00000;16447;31168;0;0;"Peekaboo (3)"
19.00000;16447;31169;2;0;"Peekaboo (3)"
19.00000;16447;31170;7;0;"Peekaboo (3)"
19.00000;8998;8998;7;0;"Pembroke Reel (4)"
19.00000;6984;6984;7;0;"Penicuik, The (0)"
19.00000;5132;5132;7;0;"Pet Of The Pipers (1)"
19.00000;591;22088;7;0;"Pinch Of Snuff, The (4)"
19.00000;336;28035;7;0;"Piper's Despair, The (4)"
19.00000;14446;26541;7;0;"Pissing On The Compost (4)"
19.00000;10134;10134;7;0;"PJ King's (1)"
19.00000;12919;22129;5;0;"Plan B (2)"
19.00000;4990;17360;0;0;"Plane Tree, The (1)"
19.00000;14493;26688;7;0;"Polka De L'Aveyron (3)"
19.00000;9666;9666;2;0;"Poodle Girl (4)"
19.00000;263;22683;5;0;"Porthole Of The Kelp, The (4)"
19.00000;1679;1679;7;0;"Portobello (4)"
19.00000;11802;11802;0;0;"Princess Polly (1)"
19.00000;772;28269;7;0;"Queen Of The Fair (1)"
19.00000;13888;33476;7;0;"Rabbit's Ear, The (1)"
19.00000;6942;32166;0;0;"Rambles Of Spring, The (4)"
19.00000;3545;16571;0;0;"Redesdale (0)"
19.00000;13658;24238;0;0;"Reel A Aristide (4)"
19.00000;17366;33303;2;0;"Reel à Cédulie (4)"
19.00000;3767;33737;7;0;"Reel De Gaspé (4)"
19.00000;13355;23415;0;0;"Reel De Lapin (4)"
19.00000;10047;29544;2;0;"Reunion, The (1)"
19.00000;8710;8710;0;0;"Ridee (7)"
19.00000;7660;7660;0;0;"Ril An Suaimhnis (4)"
19.00000;8774;19679;7;0;"Rising Sun, The (4)"
19.00000;6651;18306;7;0;"Road To Boston (3)"
19.00000;2698;2698;7;0;"Road To Garrison, The (4)"
19.00000;13559;23993;7;0;"Robin, The (4)"
19.00000;15648;29360;7;0;"Rodent's Return (7)"
19.00000;87;12608;7;0;"Rolling In The Ryegrass (4)"
19.00000;87;12609;7;0;"Rolling In The Ryegrass (4)"
19.00000;87;12610;7;0;"Rolling In The Ryegrass (4)"
19.00000;87;12611;7;0;"Rolling In The Ryegrass (4)"
19.00000;87;12612;7;0;"Rolling In The Ryegrass (4)"
19.00000;87;12613;7;0;"Rolling In The Ryegrass (4)"
19.00000;87;29390;7;0;"Rolling In The Ryegrass (4)"
19.00000;87;29745;7;0;"Rolling In The Ryegrass (4)"
19.00000;2844;2844;7;0;"Rose Of Drishane, The (0)"
19.00000;2844;29589;7;0;"Rose Of Drishane, The (0)"
19.00000;15811;29763;7;0;"Roulette (1)"
19.00000;14580;26857;7;0;"Sally Leaf, The (3)"
19.00000;94;94;7;0;"Scholar, The (4)"
19.00000;94;24085;7;0;"Scholar, The (4)"
19.00000;4860;20612;7;0;"Scolding Wife, The (4)"
19.00000;13153;22680;7;0;"Seamus Ennis' Fancy (4)"
19.00000;6870;6870;7;0;"Sermon, The (0)"
19.00000;13307;23269;2;0;"Shannon's Favourite (2)"
19.00000;543;543;7;0;"Ships Are Sailing, The (4)"
19.00000;543;26706;7;0;"Ships Are Sailing, The (4)"
19.00000;543;27984;2;0;"Ships Are Sailing, The (4)"
19.00000;543;32266;7;0;"Ships Are Sailing, The (4)"
19.00000;12028;12028;0;0;"Sidbury Four Hand (4)"
19.00000;2465;20895;7;0;"Singing Stream, The (4)"
19.00000;2465;25446;7;0;"Singing Stream, The (4)"
19.00000;11676;11676;7;0;"Sliabh Lucan, The (3)"
19.00000;11676;33017;5;0;"Sliabh Lucan, The (3)"
19.00000;2835;2835;7;0;"Smoky Chimney, The (0)"
19.00000;901;25737;7;0;"Speed The Plough (4)"
19.00000;1191;26446;0;0;"Speed The Plough (4)"
19.00000;10502;20402;7;0;"Spirit Of The Dance (1)"
19.00000;6854;6854;5;0;"Sprig Of Rowan (4)"
19.00000;3106;16227;0;0;"Stoney Steps, The (0)"
19.00000;4669;4669;0;0;"Stoortmont Shuffle (1)"
19.00000;6566;6566;7;0;"Sweet Blunts, The (1)"
19.00000;1459;14851;7;0;"Sweeney's Dream (4)"
19.00000;17521;33655;2;0;"Sweetest When Naked (3)"
19.00000;12529;21038;7;0;"Take It Easy (1)"
19.00000;2904;16093;5;0;"Tanteeka (4)"
19.00000;3674;16674;0;0;"Tarantella (5)"
19.00000;1192;14477;0;0;"Tich's (4)"
19.00000;2572;25333;7;0;"Tie The Ribbons (4)"
19.00000;9550;9550;7;0;"Tiger's Eye, The (0)"
19.00000;308;308;7;0;"Tobin's Favourite (1)"
19.00000;4220;4220;10;0;"Toullen Douar (2)"
19.00000;112;12698;2;0;"Trip To Pakistan, The (4)"
19.00000;8702;8702;0;0;"Trip To Spanish Point (4)"
19.00000;8702;21691;0;0;"Trip To Spanish Point (4)"
19.00000;10390;20344;0;0;"Twenty-One Highland (2)"
19.00000;8248;8248;7;0;"Unfinished, The (4)"
19.00000;9608;9608;0;0;"Union Quay Commotions (4)"
19.00000;8987;8987;0;0;"Vallafield (1)"
19.00000;10354;10354;10;0;"Velvet, The (1)"
19.00000;3104;8996;7;0;"Weaver's Delight, The (3)"
19.00000;14857;27440;7;0;"Wedding, The (4)"
19.00000;5921;5921;7;0;"Wes And Maggie's Ceili Croft (4)"
19.00000;9118;9118;7;0;"When The Cat Is Out (1)"
19.00000;586;24309;7;0;"Whistling Postman, The (4)"
19.00000;292;13047;7;0;"Willafjord (4)"
19.00000;292;13044;7;0;"Willafjord (4)"
19.00000;16130;30417;5;0;"With Biddy By My Side (0)"
19.00000;337;13124;0;0;"Wonder, The (0)"
19.00000;12228;12228;0;0;"Woodward's Rant (6)"
19.00000;15962;30040;7;0;"Y Crwtyn Llwdd (3)"
19.00000;1571;14982;7;0;"Your Mother's Little Pet (4)"
20.00000;9741;20100;2;0;"A Bottle Of Vodka, Twenty Marlboro Reds And £50 Cashback, Please (1)"
20.00000;2711;31745;2;0;"250 To Vigo (4)"
20.00000;9741;9741;2;0;"A Bottle Of Vodka, Twenty Marlboro Reds And £50 Cashback, Please (1)"
20.00000;7316;7316;5;0;"A Duck Walks Into A Pharmacy.... (1)"
20.00000;10361;10361;0;0;"A Tailor I Am (1)"
20.00000;10361;24695;0;0;"A Tailor I Am (1)"
20.00000;12975;22268;7;0;"A Tune For A Lost Harmonica (4)"
20.00000;8899;8899;7;0;"A Tune For Paddy: A Pint Of Guiness And One For The Goat (1)"
20.00000;13002;22336;0;0;"A. F. Irving (2)"
20.00000;11592;11592;7;0;"Acadian Breakdown (4)"
20.00000;1886;1886;0;0;"Adam (3)"
20.00000;8723;8723;7;0;"Aggie's (7)"
20.00000;2068;2068;10;0;"Aird Ranters (2)"
20.00000;2068;15464;10;0;"Aird Ranters (2)"
20.00000;2068;15465;10;0;"Aird Ranters (2)"
20.00000;16943;32302;10;0;"Al Nadda (4)"
20.00000;14170;25719;7;0;"Al-Alándalus, The (4)"
20.00000;12803;21796;2;0;"Alan's Chicken Shop (1)"
20.00000;6575;6575;7;0;"All Around The Christmas Tree (1)"
20.00000;16306;30880;7;0;"All In Good Company (1)"
20.00000;10583;10583;0;0;"Allery Burn (6)"
20.00000;10583;20430;10;0;"Allery Burn (6)"
20.00000;2782;2782;7;0;"Allow, The (4)"
20.00000;5074;23817;7;0;"Amazing Mushroom, The (4)"
20.00000;1636;1636;7;0;"An Comhra Donn (0)"
20.00000;9164;19933;0;0;"An Dro (2)"
20.00000;7764;7764;0;0;"An Dro Marc D' Ailleurs (2)"
20.00000;7739;19099;7;0;"An Dro Moyland (4)"
20.00000;1992;1992;2;0;"An Fathach Tireannach (1)"
20.00000;2968;2968;0;0;"An Port Ard (1)"
20.00000;1631;28201;7;0;"Anderson's (4)"
20.00000;16633;31633;7;0;"Angie And The Old Irish Gent (0)"
20.00000;14694;27337;7;0;"Angus Allan & Dan J's (2)"
20.00000;6750;6750;7;0;"Ann Droney's (4)"
20.00000;9553;9553;7;0;"Annie O'Neill (4)"
20.00000;299;13060;7;0;"Apples In Winter (1)"
20.00000;12820;21868;2;0;"Ardvasar Blacksmith, The (4)"
20.00000;121;121;7;0;"Are You Ready Yet? (4)"
20.00000;121;31412;7;0;"Are You Ready Yet? (4)"
20.00000;14723;27177;5;0;"Argyll (4)"
20.00000;3906;16807;0;0;"Arms Dealer's Daughter, The (4)"
20.00000;2290;15657;3;0;"As Covas Do Rei Cintolo (3)"
20.00000;17732;34329;0;0;"As The Crow Flies (4)"
20.00000;1809;1809;7;0;"Atlantic (3)"
20.00000;3813;3813;7;0;"Atlantic Roar, The (0)"
20.00000;3631;16629;7;0;"Babes In The Wood (3)"
20.00000;7280;7280;7;0;"Babes In The Woods (3)"
20.00000;2496;2496;7;0;"Bag Of Money, The (4)"
20.00000;13385;23533;0;0;"Balance The Straw (1)"
20.00000;13387;23537;0;0;"Balance The Straw (4)"
20.00000;13387;23546;0;0;"Balance The Straw (4)"
20.00000;13387;23548;0;0;"Balance The Straw (4)"
20.00000;6650;6650;0;0;"Baltimore (1)"
20.00000;9082;9082;7;0;"Ballycarbery, The (4)"
20.00000;3681;3681;2;0;"Ballyfin, The (3)"
20.00000;12962;22224;0;0;"Ballygow, The (4)"
20.00000;7678;19068;7;0;"Ballyket Courthouse (4)"
20.00000;11764;11764;2;0;"Balmoral Schottische, The (2)"
20.00000;6231;6231;3;0;"Bamford (0)"
20.00000;371;371;5;0;"Bang Your Frog On The Sofa (4)"
20.00000;1128;1128;0;0;"Bank Of Turf, The (0)"
20.00000;2118;23779;7;0;"Banks Of Allan, The (1)"
20.00000;131;12741;0;0;"Banshee's Wail Over The Mangle Pit, The (1)"
20.00000;680;680;7;0;"Bantry Lasses, The (4)"
20.00000;1429;14807;7;0;"Barney Brannigan (6)"
20.00000;3560;3560;7;0;"Barr Na Cuille (4)"
20.00000;5481;5481;7;0;"Barrack Street (4)"
20.00000;3640;16647;7;0;"Barren Rocks Of Aden, The (3)"
20.00000;3640;26201;7;0;"Barren Rocks Of Aden, The (3)"
20.00000;10748;10748;0;0;"Battle Of Mulroy (4)"
20.00000;945;14137;0;0;"Beeswing, The (0)"
20.00000;4;4;7;0;"Belfast, The (0)"
20.00000;4;29642;7;0;"Belfast, The (0)"
20.00000;769;13889;7;0;"Belles Of Tipperary, The (4)"
20.00000;769;29202;7;0;"Belles Of Tipperary, The (4)"
20.00000;6858;6858;10;0;"Between The Water (1)"
20.00000;133;133;7;0;"Big Reel Of Ballynacally, The (4)"
20.00000;6474;18178;0;0;"Bill Black's (0)"
20.00000;9135;9135;7;0;"Bill Connor's (4)"
20.00000;1403;14774;7;0;"Bill McEvoy's (4)"
20.00000;1872;1872;7;0;"Billy Brocker's (4)"
20.00000;1872;15308;7;0;"Billy Brocker's (4)"
20.00000;1872;15310;7;0;"Billy Brocker's (4)"
20.00000;5167;5167;0;0;"Billy Taylor's Fancy (0)"
20.00000;14631;26966;2;0;"Bird Feeder, The (4)"
20.00000;629;28677;0;0;"Bird In The Bush, The (4)"
20.00000;7409;7409;2;0;"Birds In The Tree, The (0)"
20.00000;7110;7110;0;0;"Black Joak (1)"
20.00000;5459;5459;0;0;"Black Lough, The (1)"
20.00000;9989;9989;0;0;"Black Nag, The (1)"
20.00000;15838;29806;0;0;"Black Ribbon, The (4)"
20.00000;6399;18131;7;0;"Blackbird's Wings, The (3)"
20.00000;4101;4101;7;0;"Blackbird, The (0)"
20.00000;1104;14355;7;0;"Blackbird, The (0)"
20.00000;14736;27198;7;0;"Blackbird, The (0)"
20.00000;4101;28821;7;0;"Blackbird, The (0)"
20.00000;3228;24650;0;0;"Blackwater, The (3)"
20.00000;12756;24652;7;0;"Blackwater, The (3)"
20.00000;9253;9253;5;0;"Blue Friesian, The (4)"
20.00000;5535;24589;7;0;"Blue Ribbon, The (3)"
20.00000;8554;8554;7;0;"Blue Shutters, The (4)"
20.00000;7232;7232;0;0;"Bob Parson's (2)"
20.00000;1960;1960;7;0;"Bog Carrot, The (4)"
20.00000;2372;21389;7;0;"Bonaparte's Retreat (4)"
20.00000;7826;19145;7;0;"Bonnie Dainty Davie (4)"
20.00000;754;754;7;0;"Bonnie Kate (4)"
20.00000;754;31221;7;0;"Bonnie Kate (4)"
20.00000;1562;1562;7;0;"Bonny Anne (4)"
20.00000;6841;6841;2;0;"Bonnie Mulligan (4)"
20.00000;6841;7473;2;0;"Bonnie Mulligan (4)"
20.00000;1562;32461;7;0;"Bonny Anne (4)"
20.00000;8756;8756;0;0;"Bonny Bunch Of Ferns (4)"
20.00000;6553;27526;7;0;"Both Meat And Drink (1)"
20.00000;11296;11296;7;0;"Boys From Scart (0)"
20.00000;651;651;7;0;"Boys Of Bluehill, The (0)"
20.00000;651;13680;7;0;"Boys Of Bluehill, The (0)"
20.00000;651;26210;7;0;"Boys Of Bluehill, The (0)"
20.00000;11;11;2;0;"Boys Of Malin, The (4)"
20.00000;11;23921;0;0;"Boys Of Malin, The (4)"
20.00000;1436;14813;0;0;"Boys Of Portaferry, The (4)"
20.00000;343;13138;7;0;"Boys Of The Lough, The (4)"
20.00000;343;13134;7;0;"Boys Of The Lough, The (4)"
20.00000;343;13135;7;0;"Boys Of The Lough, The (4)"
20.00000;343;25463;7;0;"Boys Of The Lough, The (4)"
20.00000;1939;28668;0;0;"Boys On The Hilltop, The (4)"
20.00000;2086;15480;10;0;"Branle, The (3)"
20.00000;13775;24656;10;0;"Branlee D'Ecosse (2)"
20.00000;1981;1981;7;0;"Brendan McMahon's (4)"
20.00000;4893;4893;7;0;"Bridget's (7)"
20.00000;11755;11755;2;0;"Bridget's (4)"
20.00000;10150;20232;10;0;"Bring Her To The Shelter (4)"
20.00000;10209;10209;7;0;"Brother Darel Starkey's (4)"
20.00000;4012;4012;7;0;"Brown Hat, The (4)"
20.00000;27;21232;7;0;"Drowsy Maggie (4)"
20.00000;27;29583;2;0;"Drowsy Maggie (4)"
20.00000;3183;3183;7;0;"Bunch Of Currants, The (4)"
20.00000;3183;27712;7;0;"Bunch Of Currants, The (4)"
20.00000;207;27402;0;0;"Bunker Hill (4)"
20.00000;207;29203;7;0;"Bunker Hill (4)"
20.00000;724;21556;7;0;"Callaghan's (4)"
20.00000;7307;7307;2;0;"Callanan's Retreat (0)"
20.00000;3492;3492;9;0;"Cambridge Caravan Catastrophy (4)"
20.00000;284;34122;7;0;"Cameronian, The (4)"
20.00000;6694;22169;2;0;"Campbell River (1)"
20.00000;10813;20505;0;0;"Captain And His Whiskers, The (4)"
20.00000;4689;17208;7;0;"Captain Lockhart Of The Tartar (4)"
20.00000;2716;2716;7;0;"Carmel Mahoney Mulhaire (4)"
20.00000;1205;1205;7;0;"Castlebar Races, The (1)"
20.00000;13012;22372;7;0;"Castleblaney Piper, The (1)"
20.00000;10255;10255;7;0;"Castlerock Road (4)"
20.00000;3393;3393;7;0;"Cavan Potholes (4)"
20.00000;3393;24895;7;0;"Cavan Potholes (4)"
20.00000;3845;3845;0;0;"Celina (4)"
20.00000;17385;33353;0;0;"Charlie Batchelor's Lost (1)"
20.00000;2039;22892;2;0;"Charlie Harris's (3)"
20.00000;2301;2301;7;0;"Charlie Mulvihill's (4)"
20.00000;2301;25223;7;0;"Charlie Mulvihill's (4)"
20.00000;9200;9200;5;0;"Charlotte's Web (7)"
20.00000;10239;10239;7;0;"Children Of The Little Dancing Bush (4)"
20.00000;13529;23923;2;0;"Clan MacColl, The (2)"
20.00000;3034;16191;7;0;"Clarke's (2)"
20.00000;152;152;7;0;"Cleaning The Hen House (4)"
20.00000;547;24775;5;0;"Cleveland Park (1)"
20.00000;547;547;0;0;"Cleveland Park (1)"
20.00000;12;12377;7;0;"Cliffs Of Moher, The (1)"
20.00000;412;13266;10;0;"Cliffs, The (0)"
20.00000;412;13267;10;0;"Cliffs, The (0)"
20.00000;412;30628;10;0;"Cliffs, The (0)"
20.00000;6627;6627;0;0;"Clog À Ti-Jules (2)"
20.00000;8519;8519;7;0;"Cluain Ard (4)"
20.00000;16;21146;2;0;"Clumsy Lover, The (4)"
20.00000;311;13079;7;0;"Colonel Rodgers' Favourite (4)"
20.00000;311;311;7;0;"Colonel Rodgers' Favourite (4)"
20.00000;2000;21403;10;0;"Concert, The (0)"
20.00000;2000;21404;7;0;"Concert, The (0)"
20.00000;208;12875;5;0;"Congress, The (4)"
20.00000;970;27820;7;0;"Connaught Heifers, The (4)"
20.00000;614;27964;7;0;"Connemara Stockings, The (4)"
20.00000;924;924;0;0;"Connor Bones (4)"
20.00000;924;14115;2;0;"Connor Bones (4)"
20.00000;6842;33954;7;0;"Contentment Is Wealth (1)"
20.00000;17323;33198;7;0;"Contrary, The (4)"
20.00000;808;808;7;0;"Cook In The Kitchen, The (1)"
20.00000;808;13959;7;0;"Cook In The Kitchen, The (1)"
20.00000;7220;7220;2;0;"Copenhagen, The (4)"
20.00000;943;14135;7;0;"Corney Is Coming (4)"
20.00000;943;33249;7;0;"Corney Is Coming (4)"
20.00000;9858;9858;2;0;"Cota Mor Ealasaid (4)"
20.00000;11424;11424;7;0;"Coyakan (7)"
20.00000;3734;3734;7;0;"Crehan's Kitchen (4)"
20.00000;3734;16705;7;0;"Crehan's Kitchen (4)"
20.00000;5998;17908;0;0;"Cronin's (4)"
20.00000;2117;23481;7;0;"Crossing The Minch (0)"
20.00000;11295;21817;7;0;"Cuckoo's Nest, The (2)"
20.00000;16199;30603;7;0;"Cuimhní An Teach A Raibh Sí Ina Chónaí Ann (4)"
20.00000;1523;24903;10;0;"Culfadda, The (4)"
20.00000;1523;28672;10;0;"Culfadda, The (4)"
20.00000;670;670;0;0;"Curlew Hills, The (2)"
20.00000;670;26973;0;0;"Curlew Hills, The (2)"
20.00000;12012;12012;7;0;"Da Back (4)"
20.00000;7245;18770;0;0;"Da Day Dawn (3)"
20.00000;12003;12003;0;0;"Da Nippin Grund (4)"
20.00000;1946;27600;7;0;"Dairy Maid, The (4)"
20.00000;17598;33863;7;0;"Dáithi Sproule's (1)"
20.00000;5582;17632;7;0;"Dancing Bear, The (4)"
20.00000;5582;5582;7;0;"Dancing Bear, The (4)"
20.00000;5582;32157;7;0;"Dancing Bear, The (4)"
20.00000;5582;33313;7;0;"Dancing Bear, The (4)"
20.00000;5582;33731;7;0;"Dancing Bear, The (4)"
20.00000;1088;32255;7;0;"Dancing The Baby (2)"
20.00000;16136;30430;2;0;"Dans Plinn (4)"
20.00000;2951;16120;2;0;"Dark Side Of The Moor, The (4)"
20.00000;16792;31993;0;0;"Davy Doody's Big Flute (1)"
20.00000;17644;34026;0;0;"De Selby Bluesyard (0)"
20.00000;14295;26107;0;0;"Dearest Dicky (1)"
20.00000;17099;32703;7;0;"Delia's Dream (0)"
20.00000;17099;32707;7;0;"Delia's Dream (0)"
20.00000;11291;11291;0;0;"Denis Igoe's (4)"
20.00000;357;13159;7;0;"Denis Murphy's (3)"
20.00000;3774;3774;5;0;"Dérobée (1)"
20.00000;3250;29255;7;0;"Derry, The (0)"
20.00000;7094;18659;7;0;"Dhow, The (0)"
20.00000;408;29451;7;0;"Dick Gossip's (4)"
20.00000;12068;12068;0;0;"Dick Tobin's (3)"
20.00000;14051;28638;7;0;"Didn't She Dance And Dance (5)"
20.00000;12594;21182;0;0;"Diferion Arian (6)"
20.00000;595;26745;7;0;"Dogs Among The Bushes, The (4)"
20.00000;1621;1621;7;0;"Donegal, The (4)"
20.00000;1621;24956;7;0;"Donegal, The (4)"
20.00000;1621;27635;7;0;"Donegal, The (4)"
20.00000;12381;20644;0;0;"Dooley's Delight (4)"
20.00000;10317;10317;0;0;"Doodler's (0)"
20.00000;14312;26159;7;0;"Dorchester, The (0)"
20.00000;7072;22681;0;0;"Dorset, The (4)"
20.00000;7051;7051;7;0;"Dovecote Park (1)"
20.00000;761;22875;7;0;"Dowd's No. 9 (4)"
20.00000;5021;5021;0;0;"Downfall Of Paris, The (0)"
20.00000;5021;17372;0;0;"Downfall Of Paris, The (0)"
20.00000;5021;30489;0;0;"Downfall Of Paris, The (0)"
20.00000;4524;17117;0;0;"Dowser's Favorite (4)"
20.00000;4524;24124;0;0;"Dowser's Favorite (4)"
20.00000;13549;23976;0;0;"Dr. Fauster's Tumblers (3)"
20.00000;129;12736;7;0;"Dr. Gilbert's (4)"
20.00000;722;722;7;0;"Dr. Mulcrone (4)"
20.00000;1148;1148;0;0;"Drag Her Round The Road (4)"
20.00000;1148;14416;0;0;"Drag Her Round The Road (4)"
20.00000;12815;21834;10;0;"Dragon's Legs (4)"
20.00000;12784;21705;10;0;"Dragon's Teeth (4)"
20.00000;12784;21707;0;0;"Dragon's Teeth (4)"
20.00000;12784;21708;5;0;"Dragon's Teeth (4)"
20.00000;12939;22180;0;0;"Dragons' Blood (4)"
20.00000;388;25912;0;0;"Drops Of Brandy, The (6)"
20.00000;27;12409;2;0;"Drowsy Maggie (4)"
20.00000;27;12410;7;0;"Drowsy Maggie (4)"
20.00000;27;12412;2;0;"Drowsy Maggie (4)"
20.00000;11416;11416;7;0;"Drumbshambles (4)"
20.00000;2041;22751;0;0;"Drummer, The (4)"
20.00000;836;13994;7;0;"Dublin Porter (4)"
20.00000;836;28799;7;0;"Dublin Porter (4)"
20.00000;3376;16439;7;0;"Durham Rangers (2)"
20.00000;2020;30769;7;0;"Eamonn McGivney's (0)"
20.00000;8052;8052;7;0;"Earl Of Mansfield's March, The (2)"
20.00000;5819;17752;7;0;"East Winds (4)"
20.00000;2126;33259;0;0;"Ebb Tide, The (0)"
20.00000;3014;16167;7;0;"Ed Reavy's (4)"
20.00000;6227;18044;2;0;"Eddie Kelly's (4)"
20.00000;6557;18247;10;0;"Eddie The Fiddlemaker (1)"
20.00000;9379;19991;0;0;"Eight Men Of Moidart (3)"
20.00000;3797;3797;7;0;"Eleanor Kane's (4)"
20.00000;742;13829;0;0;"Eleanor Neary's (0)"
20.00000;2694;2694;0;0;"Els' (2)"
20.00000;2694;15928;0;0;"Els' (2)"
20.00000;7819;7819;7;0;"En Dro (3)"
20.00000;15849;29817;10;0;"Escapade In A Minor (4)"
20.00000;8470;33816;7;0;"Evit Gabriel (4)"
20.00000;3438;3438;7;0;"Ewe, The (4)"
20.00000;6971;6971;7;0;"Fair And Easy (1)"
20.00000;13733;24444;7;0;"Faithful Friend, The (0)"
20.00000;17464;33523;0;0;"Farewell To Galway (4)"
20.00000;4264;33208;7;0;"Father Dollard's Favourite (1)"
20.00000;11709;11709;7;0;"Fergie's (1)"
20.00000;15445;28911;7;0;"Fiddler's Green (7)"
20.00000;15445;28912;5;0;"Fiddler's Green (7)"
20.00000;2601;23379;7;0;"First House In Connaught, The (4)"
20.00000;2527;24945;2;0;"Flags Of Dublin, The (4)"
20.00000;15043;27856;7;0;"Flood On The Holm, The (4)"
20.00000;4370;4370;2;0;"Flying To The Fleadh (6)"
20.00000;4370;17047;2;0;"Flying To The Fleadh (6)"
20.00000;7771;19115;0;0;"Follow Her Over The Border (6)"
20.00000;1583;20883;7;0;"Follow Me Up To Carlow (4)"
20.00000;6447;6447;7;0;"Four Courts, The (1)"
20.00000;1394;1394;0;0;"Four Province Fling, The (0)"
20.00000;1639;1639;0;0;"Four Provinces Fling, The (2)"
20.00000;13362;23429;0;0;"Fourth Dragoon, The (2)"
20.00000;511;28196;0;0;"Foxhunter, The (4)"
20.00000;10938;10938;7;0;"Frankie's (4)"
20.00000;10938;20527;7;0;"Frankie's (4)"
20.00000;14861;27446;3;0;"Fraser Arms, The (4)"
20.00000;14861;27454;3;0;"Fraser Arms, The (4)"
20.00000;12490;20873;0;0;"Fred Picknell's March (2)"
20.00000;9398;9398;7;0;"Freddie's (4)"
20.00000;627;627;5;0;"Freudian, The (6)"
20.00000;627;13647;5;0;"Freudian, The (6)"
20.00000;32;32;0;0;"Friendly Visit, The (0)"
20.00000;32;12424;2;0;"Friendly Visit, The (0)"
20.00000;32;12427;2;0;"Friendly Visit, The (0)"
20.00000;448;5199;7;0;"Frost Is All Over, The (1)"
20.00000;448;23871;7;0;"Frost Is All Over, The (1)"
20.00000;15389;28770;7;0;"Further Along The Line (4)"
20.00000;6510;6510;7;0;"Gahan's (0)"
20.00000;1369;10654;0;0;"Gallowglass, The (1)"
20.00000;260;260;5;0;"Gan Ainm (4)"
20.00000;8759;8759;0;0;"Gan Ainm (2)"
20.00000;260;12997;0;0;"Gan Ainm (4)"
20.00000;14909;27555;10;0;"Gan Ainm (1)"
20.00000;14909;27556;7;0;"Gan Ainm (1)"
20.00000;15058;27882;0;0;"Gan Ainm (4)"
20.00000;14962;27638;0;0;"Ganivelle (4)"
20.00000;5312;5312;0;0;"Garrett County (0)"
20.00000;2081;15471;0;0;"Gavotte (5)"
20.00000;8149;19347;2;0;"George Booker (4)"
20.00000;10201;10201;7;0;"Georgia's Gift (4)"
20.00000;6743;6743;2;0;"Gerald Thomas' Burnt Potato (4)"
20.00000;6743;27831;2;0;"Gerald Thomas' Burnt Potato (4)"
20.00000;6743;27924;0;0;"Gerald Thomas' Burnt Potato (4)"
20.00000;14471;26617;7;0;"Ghost's Welcome, The (4)"
20.00000;7092;7092;7;0;"Gilbert's Fancy (4)"
20.00000;5418;24488;7;0;"Girl I Left Behind Me, The (3)"
20.00000;5418;26213;7;0;"Girl I Left Behind Me, The (3)"
20.00000;10392;10392;7;0;"Girl With The Laughing Eyes, The (4)"
20.00000;16766;31939;7;0;"Glassamucky Brakes (4)"
20.00000;5440;5440;7;0;"Glen Owen (4)"
20.00000;496;25455;7;0;"Glen Of Aherlow, The (4)"
20.00000;496;30281;7;0;"Glen Of Aherlow, The (4)"
20.00000;1332;14673;7;0;"Glenties, The (7)"
20.00000;9327;9327;0;0;"Gloucester, The (0)"
20.00000;10458;10458;7;0;"Go Mauve (4)"
20.00000;876;31829;7;0;"Gneevgullia (4)"
20.00000;10458;26639;7;0;"Go Mauve (4)"
20.00000;12839;21912;9;0;"Going To The Races (3)"
20.00000;4740;31749;7;0;"Golden Stud, The (4)"
20.00000;12048;12048;7;0;"Golden Vale, The (0)"
20.00000;6499;18194;7;0;"Good For The Tongue (0)"
20.00000;581;29611;5;0;"Graf Spee, The (4)"
20.00000;12967;22233;0;0;"Graih Foalsey (4)"
20.00000;2226;25741;7;0;"Grand Spey, The (4)"
20.00000;2226;2226;7;0;"Grand Spey, The (4)"
20.00000;3610;3610;7;0;"Grayton Beach (4)"
20.00000;3610;26461;7;0;"Grayton Beach (4)"
20.00000;2066;2066;0;0;"Great Grass Sea, The (0)"
20.00000;17217;32995;0;0;"Green Jacket, The (1)"
20.00000;2299;2299;0;0;"Green Linnet, The (4)"
20.00000;166;12797;7;0;"Green Mountain, The (4)"
20.00000;166;12799;7;0;"Green Mountain, The (4)"
20.00000;2100;2100;2;0;"Gregory Greene's (4)"
20.00000;2052;2052;7;0;"Gruncharsko Horo (6)"
20.00000;169;26870;7;0;"Gusty's Frolics (6)"
20.00000;169;27607;7;0;"Gusty's Frolics (6)"
20.00000;11327;11327;7;0;"Hamster's Wheel, The (6)"
20.00000;10252;20264;2;0;"Hand Organ, The (0)"
20.00000;7789;7789;2;0;"Hanter Dro (7)"
20.00000;4579;21265;0;0;"Hare In The Corn, The (5)"
20.00000;4419;4419;7;0;"Harry's Loch (1)"
20.00000;13446;23734;2;0;"Harvest Fair (3)"
20.00000;13446;23750;2;0;"Harvest Fair (3)"
20.00000;13446;23752;0;0;"Harvest Fair (3)"
20.00000;49;49;7;0;"Harvest Home, The (0)"
20.00000;582;21870;7;0;"Haste To The Wedding (1)"
20.00000;582;21777;7;0;"Haste To The Wedding (1)"
20.00000;9435;9435;7;0;"Hatchlings, The (1)"
20.00000;411;13263;7;0;"Heather Breeze, The (4)"
20.00000;678;20697;7;0;"Hedigan's Fancy (6)"
20.00000;4261;4261;7;0;"Henchey's Delight (1)"
20.00000;5085;17403;0;0;"Henry McDermott Roe (7)"
20.00000;5085;24342;0;0;"Henry McDermott Roe (7)"
20.00000;15574;29206;7;0;"Her Scattered Gold (4)"
20.00000;5295;5295;7;0;"Highest Hill In Sligo, The (4)"
20.00000;5295;17516;7;0;"Highest Hill In Sligo, The (4)"
20.00000;5295;34219;7;0;"Highest Hill In Sligo, The (4)"
20.00000;17157;32878;7;0;"Highway To Dublin, The (1)"
20.00000;7765;19112;0;0;"Hill's Fancy (0)"
20.00000;16928;32375;7;0;"Hjogravylta (4)"
20.00000;16928;32376;7;0;"Hjogravylta (4)"
20.00000;10640;20454;7;0;"Hommage à Gilles Laprise (4)"
20.00000;5908;17807;0;0;"Honeycomb, The (4)"
20.00000;17101;32706;10;0;"House On Lonely Hill, The (4)"
20.00000;484;484;2;0;"House On The Hill, The (4)"
20.00000;1550;1550;0;0;"Humours Of Derrycrossane, The (6)"
20.00000;649;649;7;0;"Humours Of Lissadell, The (4)"
20.00000;649;28484;7;0;"Humours Of Lissadell, The (4)"
20.00000;141;13269;7;0;"Humours Of Tulla, The (4)"
20.00000;46;31539;7;0;"Humours Of Whiskey, The (6)"
20.00000;14438;26524;0;0;"Hyd Y Frwynen (4)"
20.00000;2433;15766;7;0;"I Ha'e A Wife O' Ma Ain (6)"
20.00000;7214;7214;7;0;"I Had A Lass Till I Ran At Her (4)"
20.00000;9711;9711;7;0;"I Think It's Thursday (4)"
20.00000;9711;20092;7;0;"I Think It's Thursday (4)"
20.00000;15748;29600;7;0;"I Wish You A Merry New Year (1)"
20.00000;15748;29605;0;0;"I Wish You A Merry New Year (1)"
20.00000;3822;16754;7;0;"I Won't Be A Nun (2)"
20.00000;5995;34001;2;0;"I'm The Boy For Bewitching Them (6)"
20.00000;418;31901;2;0;"Ievan's Polkka (3)"
20.00000;418;418;2;0;"Ievan's Polkka (3)"
20.00000;418;31905;2;0;"Ievan's Polkka (3)"
20.00000;10731;20489;7;0;"If You Go First (4)"
20.00000;10935;30376;7;0;"Indian Point (1)"
20.00000;6398;6398;0;0;"International Schottische, The (2)"
20.00000;9937;9937;7;0;"Invitation, The (0)"
20.00000;13364;24166;7;0;"Irene Meldrum's Welcome To Bon Accord (2)"
20.00000;8038;8038;2;0;"Irish Fiddle Song (3)"
20.00000;844;844;7;0;"Irish Girl, The (4)"
20.00000;10413;10413;7;0;"Irish Girl, The (2)"
20.00000;844;24527;7;0;"Irish Girl, The (4)"
20.00000;92;12638;0;0;"Irish Washerwoman, The (1)"
20.00000;14485;26656;2;0;"Iron Ring, The (1)"
20.00000;13905;25028;7;0;"Island Theme (4)"
20.00000;7462;18942;0;0;"Jack Robinson (3)"
20.00000;574;13558;7;0;"Jackie Coleman's (4)"
20.00000;1311;11502;7;0;"Jackson's (4)"
20.00000;1311;14644;7;0;"Jackson's (4)"
20.00000;1311;14646;7;0;"Jackson's (4)"
20.00000;1311;23211;7;0;"Jackson's (4)"
20.00000;1610;33953;7;0;"Jackson's (1)"
20.00000;17338;33231;7;0;"Jackson's Cravat (1)"
20.00000;266;32307;7;0;"James Byrne's (6)"
20.00000;13860;24889;0;0;"Jeanne O'Neil's (1)"
20.00000;4883;17313;7;0;"Jenny Lind (3)"
20.00000;4883;17314;7;0;"Jenny Lind (3)"
20.00000;4883;28503;7;0;"Jenny Lind (3)"
20.00000;370;370;5;0;"Jenny's Welcome To Charlie (4)"
20.00000;370;33011;5;0;"Jenny's Welcome To Charlie (4)"
20.00000;13085;31739;7;0;"Jerrey Yn Theihll (4)"
20.00000;13085;31740;2;0;"Jerrey Yn Theihll (4)"
20.00000;13085;31753;2;0;"Jerrey Yn Theihll (4)"
20.00000;2459;15778;7;0;"Jerry Daly's (0)"
20.00000;3938;16818;7;0;"Jewish (4)"
20.00000;35;35;7;0;"Jig Of Slurs, The (1)"
20.00000;2536;31868;7;0;"Jim Donoghue's (4)"
20.00000;4391;4391;7;0;"Jimmy Kennedy's (1)"
20.00000;4391;10670;7;0;"Jimmy Kennedy's (1)"
20.00000;10295;23087;5;0;"Jimmy McBride's (4)"
20.00000;2471;2471;0;0;"Jinkin' Mermaid, The (4)"
20.00000;13565;24005;2;0;"Jock Wilson's Ball (4)"
20.00000;13677;24280;0;0;"John Brennan's Trip To Dublin (0)"
20.00000;14224;25850;7;0;"John Gideon Jamieson (4)"
20.00000;15368;30734;7;0;"John Howat's (4)"
20.00000;13718;24411;7;0;"John Joe Gannon's (2)"
20.00000;934;24465;0;0;"John McKenna's (3)"
20.00000;8489;8489;7;0;"John Naughton's Green Mountain (4)"
20.00000;1163;14430;2;0;"John Stenson's (4)"
20.00000;3382;29195;7;0;"Johnny Boyle's (1)"
20.00000;5866;17780;0;0;"Johnny McGoohan's (4)"
20.00000;11314;23882;7;0;"Julia Clifford's (3)"
20.00000;9770;9770;5;0;"Kail Pot, The (2)"
20.00000;16065;30276;0;0;"Kas A Barh (4)"
20.00000;16065;30268;0;0;"Kas A Barh (4)"
20.00000;3701;27474;7;0;"Katie's Fancy (1)"
20.00000;14315;26166;0;0;"Katyusha (3)"
20.00000;6690;6690;7;0;"Keeney's Farewell (4)"
20.00000;16517;31354;5;0;"Kesköine (3)"
20.00000;5423;5423;7;0;"Kevin McHugh's (5)"
20.00000;865;15905;10;0;"Kevin McHugh's (1)"
20.00000;5423;25948;7;0;"Kevin McHugh's (5)"
20.00000;11321;11321;7;0;"Kevin Moyna (4)"
20.00000;6436;6436;0;0;"Kick The World Before Me (6)"
20.00000;6436;23308;7;0;"Kick The World Before Me (6)"
20.00000;52;52;7;0;"Kid On The Mountain, The (6)"
20.00000;52;34212;7;0;"Kid On The Mountain, The (6)"
20.00000;3431;16474;7;0;"Kilfenora (4)"
20.00000;2070;15467;7;0;"Kilfrush, The (4)"
20.00000;163;12788;0;0;"Kilnamona (2)"
20.00000;3215;16290;7;0;"Kiss Her Under The Coverlet (6)"
20.00000;676;676;7;0;"Kiss The Maid Behind The Barrel (4)"
20.00000;8473;8473;7;0;"Kiss Your Partner (4)"
20.00000;948;14142;7;0;"Kitty Lie Over (1)"
20.00000;3717;3717;9;0;"Kitty Sheain's (4)"
20.00000;3717;16694;0;0;"Kitty Sheain's (4)"
20.00000;1843;20705;7;0;"Kitty's Rambles (1)"
20.00000;869;869;7;0;"Kitty's Wedding (0)"
20.00000;8420;33267;7;0;"La Fête De Village (4)"
20.00000;3489;3489;0;0;"La Grande Chaine (4)"
20.00000;2636;2636;10;0;"La Sansonette (4)"
20.00000;4813;4813;2;0;"Lady Margaret Stewart's (3)"
20.00000;4813;17270;2;0;"Lady Margaret Stewart's (3)"
20.00000;7834;7834;7;0;"Lady Mary Hope Vere (4)"
20.00000;1116;14375;0;0;"Lady Of The House, The (4)"
20.00000;938;938;7;0;"Lady On The Island, The (4)"
20.00000;8096;20703;5;0;"Lady's Cup Of Tea, The (4)"
20.00000;15230;28330;7;0;"Lamplighter (6)"
20.00000;631;631;7;0;"Lancer's, The (1)"
20.00000;3024;16185;2;0;"Lang Stayed Away (7)"
20.00000;4117;4117;7;0;"Laride (0)"
20.00000;8930;8930;7;0;"Last Night In Doolin, The (4)"
20.00000;267;267;7;0;"Launching The Boat (4)"
20.00000;267;21814;7;0;"Launching The Boat (4)"
20.00000;16260;30766;2;0;"Le Bal D'Erquy (2)"
20.00000;2286;34066;7;0;"Leather Away The Wattle-O (3)"
20.00000;14606;26920;2;0;"Leaps & Bounds (4)"
20.00000;14848;27415;7;0;"Leave My Way (4)"
20.00000;4427;4427;7;0;"Left-handed (4)"
20.00000;13651;33922;7;0;"Leitrim (1)"
20.00000;2734;2734;0;0;"Lewis Proudlock's (0)"
20.00000;2317;15684;7;0;"Liberty (4)"
20.00000;1750;15191;2;0;"Lilies In The Field, The (4)"
20.00000;1750;32270;2;0;"Lilies In The Field, The (4)"
20.00000;1368;14720;7;0;"Little Cascade, The (4)"
20.00000;13611;24129;0;0;"Little Donald's Wife (4)"
20.00000;6943;6943;7;0;"Littlest Doyle, The (4)"
20.00000;7712;7712;7;0;"Loch Altan (4)"
20.00000;2135;2135;5;0;"Locomotive And Railway Inn, The (4)"
20.00000;4517;4517;0;0;"Lone Bush, The (0)"
20.00000;5424;5424;7;0;"Long Acre, The (4)"
20.00000;14183;25753;7;0;"Long Island (1)"
20.00000;16707;31806;7;0;"Long Lane, The (0)"
20.00000;3169;16266;0;0;"Long Strand, The (4)"
20.00000;369;29173;7;0;"Longford Tinker, The (4)"
20.00000;5763;5763;2;0;"Loophead Lighthouse (4)"
20.00000;4129;16900;7;0;"Lose The Head (4)"
20.00000;4912;4912;0;0;"Lost Purse, The (2)"
20.00000;990;14194;7;0;"Love At The Endings (4)"
20.00000;9902;9902;10;0;"Lovers Of Light (4)"
20.00000;14326;26195;0;0;"Lucey's Delight (4)"
20.00000;1625;1625;0;0;"Lucky In Love (4)"
20.00000;13065;22474;7;0;"Lucy Campbell (2)"
20.00000;13065;22473;7;0;"Lucy Campbell (2)"
20.00000;1552;27214;7;0;"Lucy Campbell (4)"
20.00000;1552;28377;7;0;"Lucy Campbell (4)"
20.00000;1552;34112;7;0;"Lucy Campbell (4)"
20.00000;4676;4676;0;0;"Lyndon Lewis (0)"
20.00000;9818;9818;7;0;"M And M (4)"
20.00000;9818;26172;5;0;"M And M (4)"
20.00000;2724;15965;7;0;"Mac's Fancy (1)"
20.00000;1998;1998;0;0;"Mad (1)"
20.00000;1998;23444;0;0;"Mad (1)"
20.00000;2344;15711;0;0;"Madame Bonaparte (0)"
20.00000;14504;26716;7;0;"Magic Circle, The (4)"
20.00000;11874;11874;7;0;"Magic Of The Cup, The (5)"
20.00000;5831;5831;7;0;"Magpie's Nest, The (4)"
20.00000;4493;4493;7;0;"Maid Of Athens, The (4)"
20.00000;13727;24429;0;0;"Maiden Lane (2)"
20.00000;13727;24968;2;0;"Maiden Lane (2)"
20.00000;1949;22790;7;0;"Maids Of Castlebar, The (4)"
20.00000;16994;32439;7;0;"Maids Of Tramore, The (1)"
20.00000;11214;11214;7;0;"Mairi MacLennan (4)"
20.00000;1290;27436;0;0;"Mama's Pet (4)"
20.00000;16864;32129;2;0;"Man From The Hill, The (4)"
20.00000;10285;20277;2;0;"Man From Glengarry, The (4)"
20.00000;222;12907;7;0;"Man Of The House, The (4)"
20.00000;8227;8227;0;0;"March Of The Crows, The (4)"
20.00000;14630;26964;7;0;"Marcus Hernon's Air (7)"
20.00000;7195;31095;7;0;"Market Day, The (4)"
20.00000;347;13150;7;0;"Martin Wynne's (4)"
20.00000;461;13341;7;0;"Martin Wynne's (4)"
20.00000;347;25462;7;0;"Martin Wynne's (4)"
20.00000;16214;30627;0;0;"Martin Wynne's (2)"
20.00000;4796;17264;2;0;"Mary Cotter (1)"
20.00000;1632;1632;7;0;"Master's Return, The (4)"
20.00000;12122;12122;2;0;"Maxwell's Rant (3)"
20.00000;15674;29418;7;0;"Mazurka Róise (7)"
20.00000;8226;19397;9;0;"McAuley's (4)"
20.00000;2430;15761;7;0;"McGovern's Favourite (4)"
20.00000;6965;6965;7;0;"Mediator, The (1)"
20.00000;7254;7254;7;0;"Meet Me On The Dance Floor (1)"
20.00000;7254;18777;7;0;"Meet Me On The Dance Floor (1)"
20.00000;7254;18779;7;0;"Meet Me On The Dance Floor (1)"
20.00000;7254;18780;7;0;"Meet Me On The Dance Floor (1)"
20.00000;2854;2854;7;0;"Mermaid Of Mullaghmore, The (4)"
20.00000;7679;7679;7;0;"Merry Boys Of Greenland, The (4)"
20.00000;13924;25090;7;0;"Merry Nicht Under The Tummel Brig (4)"
20.00000;15580;29220;7;0;"Metcalfe Fair (4)"
20.00000;11282;11282;7;0;"Michael Gallagher's Fancy (4)"
20.00000;9877;26637;2;0;"Michael Rankin's (4)"
20.00000;4405;4405;7;0;"Mick Flatley's Delight (4)"
20.00000;3343;3343;0;0;"Mick Hoy's Recipe For Boiled Cabbage (7)"
20.00000;3343;16407;7;0;"Mick Hoy's Recipe For Boiled Cabbage (7)"
20.00000;12700;21455;0;0;"Mick Murphy's Pub (4)"
20.00000;6278;6278;7;0;"Mick O'Connor's (4)"
20.00000;5779;5779;7;0;"Mills Are Grinding, The (4)"
20.00000;5779;23559;7;0;"Mills Are Grinding, The (4)"
20.00000;10235;10235;7;0;"Mind The Nettles! (4)"
20.00000;14847;27413;0;0;"Miss Douglas (2)"
20.00000;14389;26398;3;0;"Miss Edmonston (4)"
20.00000;10579;22159;0;0;"Miss Forbes' Farewell To Banff (4)"
20.00000;624;13642;7;0;"Miss Galvin's (0)"
20.00000;2411;33177;0;0;"Miss Johnson (4)"
20.00000;9541;9541;7;0;"Miss Leyeer's (0)"
20.00000;6856;18441;7;0;"Miss Linda MacFarlane (4)"
20.00000;75;29406;7;0;"Miss McLeod's (4)"
20.00000;14192;25778;2;0;"Miss McPherson's (4)"
20.00000;2982;16134;7;0;"Miss Ramsey (4)"
20.00000;8831;8831;0;0;"Miss Simple's (4)"
20.00000;12655;21315;7;0;"Miss Stephanie Marie MacLean (4)"
20.00000;4660;17195;3;0;"Mominsko Horo (6)"
20.00000;67;27543;7;0;"Monaghan, The (1)"
20.00000;67;29029;7;0;"Monaghan, The (1)"
20.00000;67;31198;7;0;"Monaghan, The (1)"
20.00000;11197;11197;7;0;"Monday Morning, The (4)"
20.00000;4745;17238;7;0;"Money In Both Pockets (1)"
20.00000;828;13983;7;0;"Morning Star, The (4)"
20.00000;967;967;7;0;"Morning Thrush, The (4)"
20.00000;967;14162;7;0;"Morning Thrush, The (4)"
20.00000;967;14163;7;0;"Morning Thrush, The (4)"
20.00000;967;14164;7;0;"Morning Thrush, The (4)"
20.00000;1310;1310;7;0;"Morpeth Rant, The (4)"
20.00000;884;14071;7;0;"Mountain Lark, The (4)"
20.00000;7862;26087;7;0;"Mountain Lark, The (4)"
20.00000;884;31016;7;0;"Mountain Lark, The (4)"
20.00000;68;12524;7;0;"Mountain Road, The (4)"
20.00000;68;24724;2;0;"Mountain Road, The (4)"
20.00000;68;24722;7;0;"Mountain Road, The (4)"
20.00000;68;32170;7;0;"Mountain Road, The (4)"
20.00000;423;28775;7;0;"Mouth Of The Tobique, The (4)"
20.00000;423;28854;7;0;"Mouth Of The Tobique, The (4)"
20.00000;8926;8926;5;0;"Mrs Crotty's (0)"
20.00000;9682;9682;7;0;"Mrs Flanagan (4)"
20.00000;14456;26576;2;0;"Mrs. Hogan's Goose (1)"
20.00000;12386;20654;7;0;"Mrs. Summer (4)"
20.00000;12387;20655;7;0;"Mrs. Summer (4)"
20.00000;3080;3080;7;0;"Muilleann Na Maidi (4)"
20.00000;1096;22947;7;0;"Muineira De Casu (1)"
20.00000;1096;31754;2;0;"Muineira De Casu (1)"
20.00000;1096;33257;2;0;"Muineira De Casu (1)"
20.00000;66;32751;0;0;"Mulqueen's (4)"
20.00000;2771;2771;7;0;"Mulqueeney's (0)"
20.00000;5452;5452;7;0;"Muñeira Anterga (1)"
20.00000;5452;22927;7;0;"Muñeira Anterga (1)"
20.00000;9316;9316;2;0;"Muneira De Anton (1)"
20.00000;2684;2684;7;0;"Munster Bacon (1)"
20.00000;766;766;7;0;"Music For A Lost Euphonium (4)"
20.00000;73;12544;2;0;"Musical Priest, The (4)"
20.00000;73;23902;0;0;"Musical Priest, The (4)"
20.00000;77;21188;7;0;"My Love Is In America (4)"
20.00000;14155;25682;2;0;"Myles The Slasher (4)"
20.00000;16853;32107;7;0;"Na Clocha Liath (4)"
20.00000;9667;9667;0;0;"Nairn (7)"
20.00000;8616;25818;9;0;"Neckbelly #2 (4)"
20.00000;8616;25822;7;0;"Neckbelly #2 (4)"
20.00000;2428;15759;0;0;"Neilly O'Boyle's (4)"
20.00000;3128;16242;7;0;"Neily Cleere's (3)"
20.00000;3128;16243;7;0;"Neily Cleere's (3)"
20.00000;2022;2022;7;0;"Nell O'Sullivan's (5)"
20.00000;7114;7114;7;0;"New Concertina, The (4)"
20.00000;7724;7724;7;0;"New Millennium, The (4)"
20.00000;2706;27611;2;0;"New Mown Meadows, The (4)"
20.00000;2630;2630;7;0;"New Road, The (4)"
20.00000;2630;29181;7;0;"New Road, The (4)"
20.00000;2630;34013;7;0;"New Road, The (4)"
20.00000;16592;31536;7;0;"New Whistle, The (4)"
20.00000;3676;3676;5;0;"New York, The (1)"
20.00000;3406;3406;2;0;"Newcastle Bridge (1)"
20.00000;14391;26407;3;0;"Niel Gow's Recovery (2)"
20.00000;16458;31190;0;0;"Nina (7)"
20.00000;2009;32241;0;0;"Nóra Críona (1)"
20.00000;11854;11854;2;0;"Noose In The Ghillies, The (4)"
20.00000;2009;2009;0;0;"Nóra Críona (1)"
20.00000;6648;18303;0;0;"Norah Creeney (5)"
20.00000;6157;6157;0;0;"Northern Frisk (7)"
20.00000;14216;25841;7;0;"Nose Terror (4)"
20.00000;14216;26059;7;0;"Nose Terror (4)"
20.00000;1708;1708;7;0;"Now She's Purring (4)"
20.00000;7073;7073;0;0;"Nuala's Bonnet (4)"
20.00000;8167;8167;7;0;"Nuala's Fiddle (4)"
20.00000;6101;17985;7;0;"Nyth Y Gwcw (2)"
20.00000;6101;17980;7;0;"Nyth Y Gwcw (2)"
20.00000;6101;21623;5;0;"Nyth Y Gwcw (2)"
20.00000;1660;21645;7;0;"O'Connor Donn's (4)"
20.00000;6898;6898;7;0;"O'Kane's March (2)"
20.00000;1133;14399;7;0;"Off She Goes (1)"
20.00000;1133;24474;7;0;"Off She Goes (1)"
20.00000;3030;3030;7;0;"Off To Puck Fair (1)"
20.00000;3030;16187;7;0;"Off To Puck Fair (1)"
20.00000;56;56;0;0;"Old Favourite, The (1)"
20.00000;241;26730;7;0;"Old Gray Goose, The (1)"
20.00000;7198;18740;0;0;"Old Morpeth Rant, The (4)"
20.00000;12507;25310;0;0;"Old Town (4)"
20.00000;431;1887;7;0;"Old Wheels Of The World, The (4)"
20.00000;9653;9653;7;0;"Ongo Bucharesti (4)"
20.00000;11238;11238;2;0;"Oot An' In Da Hairbour (4)"
20.00000;12488;20870;7;0;"Oswestry Wake (1)"
20.00000;12488;20891;7;0;"Oswestry Wake (1)"
20.00000;2995;2995;7;0;"Out With The Boys (1)"
20.00000;6338;18092;0;0;"Owen's (6)"
20.00000;541;13499;10;0;"Paddy Canny's Toast (4)"
20.00000;1009;14225;0;0;"Paddy Cronin's (4)"
20.00000;14600;26908;0;0;"Paddy Cronin's (1)"
20.00000;150;150;0;0;"Paddy Fahey's (4)"
20.00000;2940;6613;0;0;"Paddy Fahey's (4)"
20.00000;10068;10068;5;0;"Paddy Fahey's (4)"
20.00000;5865;17779;7;0;"Paddy Fahey's (4)"
20.00000;2940;18283;0;0;"Paddy Fahey's (4)"
20.00000;10068;20203;5;0;"Paddy Fahey's (4)"
20.00000;10068;26256;7;0;"Paddy Fahey's (4)"
20.00000;7105;31501;7;0;"Paddy Fahey's (4)"
20.00000;16573;31502;7;0;"Paddy Fahey's (4)"
20.00000;5865;31513;7;0;"Paddy Fahey's (4)"
20.00000;1402;32242;7;0;"Paddy Fahey's (4)"
20.00000;2370;15718;7;0;"Paddy McLeod's (1)"
20.00000;16175;30547;7;0;"Paddy O'Brien's (0)"
20.00000;338;338;7;0;"Paddy On The Turnpike (4)"
20.00000;10426;20365;0;0;"Paddy Sean Nancy's (4)"
20.00000;7896;7896;0;0;"Paddy The Ahhhhh (4)"
20.00000;1592;15002;10;0;"Paddy Works On The Railway (1)"
20.00000;14082;25552;5;0;"Pam's Merlot (7)"
20.00000;7620;7620;0;0;"Parallel, The (3)"
20.00000;9004;9004;7;0;"Pasucais De La Villa (1)"
20.00000;9004;31256;7;0;"Pasucais De La Villa (1)"
20.00000;2169;2169;7;0;"Pat Clark's (4)"
20.00000;325;2328;7;0;"Patsy Geary's (5)"
20.00000;14490;26680;0;0;"Peacemaker, The (0)"
20.00000;1145;31302;0;0;"Peacock Follow The Hen (6)"
20.00000;1190;1190;7;0;"Pearl Wedding, The (4)"
20.00000;5185;17458;2;0;"Peata Geal Mo Mhathair (3)"
20.00000;1343;1343;7;0;"Peeler's Jacket, The (4)"
20.00000;14127;25625;2;0;"Peggy's (4)"
20.00000;14475;26632;0;0;"Pibddawns Llewelyn Alaw (0)"
20.00000;16894;32181;2;0;"Picnic In The Sky (4)"
20.00000;15091;27992;7;0;"Pigot, The (1)"
20.00000;591;591;2;0;"Pinch Of Snuff, The (4)"
20.00000;7474;7474;7;0;"Pink Flamingo, The (1)"
20.00000;7474;18960;10;0;"Pink Flamingo, The (1)"
20.00000;7474;18962;10;0;"Pink Flamingo, The (1)"
20.00000;1247;29165;7;0;"Piper On Horseback, The (4)"
20.00000;7002;22716;0;0;"Piper's Whim, The (6)"
20.00000;10764;10764;7;0;"Polka De Gustave Ythier (3)"
20.00000;314;314;7;0;"Poor But Happy At 53 (4)"
20.00000;314;13085;7;0;"Poor But Happy At 53 (4)"
20.00000;263;14934;5;0;"Porthole Of The Kelp, The (4)"
20.00000;263;28063;7;0;"Porthole Of The Kelp, The (4)"
20.00000;15046;27866;0;0;"Prayer For Tears (4)"
20.00000;1690;15119;7;0;"Preston's (4)"
20.00000;8003;8003;7;0;"Pullet, The (4)"
20.00000;8003;34030;7;0;"Pullet, The (4)"
20.00000;13833;24828;0;0;"Put On The Steam (4)"
20.00000;1568;25107;7;0;"Queen Of Mayo, The (1)"
20.00000;6225;6225;2;0;"Queen Of Sluts, The (4)"
20.00000;772;13894;7;0;"Queen Of The Fair (1)"
20.00000;2166;17685;3;0;"Quilty, The (0)"
20.00000;4338;4338;7;0;"R Na G (4)"
20.00000;13888;24966;7;0;"Rabbit's Ear, The (1)"
20.00000;1807;15248;0;0;"Rainy Day, The (4)"
20.00000;1807;15249;0;0;"Rainy Day, The (4)"
20.00000;7228;28640;10;0;"Rainy Day, The (4)"
20.00000;7228;30249;0;0;"Rainy Day, The (4)"
20.00000;12322;12322;0;1;"Rakes Of Drumlish, The (4)"
20.00000;84;12588;7;0;"Rakes Of Kildare, The (1)"
20.00000;89;12627;7;0;"Rambling Pitchfork, The (1)"
20.00000;89;33888;7;0;"Rambling Pitchfork, The (1)"
20.00000;15887;29882;5;0;"Red Stag, The (1)"
20.00000;3545;16572;0;0;"Redesdale (0)"
20.00000;5184;5184;3;0;"Reel Dans 'La Cuisinière' (4)"
20.00000;5184;17455;10;0;"Reel Dans 'La Cuisinière' (4)"
20.00000;5184;17456;0;0;"Reel Dans 'La Cuisinière' (4)"
20.00000;5184;17457;2;0;"Reel Dans 'La Cuisinière' (4)"
20.00000;5184;33551;0;0;"Reel Dans 'La Cuisinière' (4)"
20.00000;13355;23408;0;0;"Reel De Lapin (4)"
20.00000;13355;23419;0;0;"Reel De Lapin (4)"
20.00000;4300;4300;0;0;"Reel De Montebello (4)"
20.00000;17457;33504;7;0;"Reel De Valleyfield (4)"
20.00000;17404;33396;0;0;"Reel Des Lilas (4)"
20.00000;2101;23445;7;0;"Small Hills Of Offaly, The (4)"
20.00000;17603;33874;7;0;"Reel St-Michel (4)"
20.00000;2737;2737;5;0;"Reluctant Traveller, The (4)"
20.00000;16870;32137;2;0;"Renovation, The (4)"
20.00000;11329;11329;7;0;"Return Of The Whistles, The (4)"
20.00000;11829;11829;0;0;"Return To Kashmagiro (4)"
20.00000;3205;31716;5;0;"Return To Miltown, The (4)"
20.00000;8130;8130;7;0;"Ridee (7)"
20.00000;8532;8532;7;0;"Ridee (7)"
20.00000;83;12583;7;0;"Rights Of Man, The (0)"
20.00000;83;27581;7;0;"Rights Of Man, The (0)"
20.00000;9086;19896;7;0;"Ril Na Drithleog (4)"
20.00000;9437;9437;0;0;"Road To Ballymote, The (4)"
20.00000;6651;18307;7;0;"Road To Boston (3)"
20.00000;6651;18310;7;0;"Road To Boston (3)"
20.00000;920;920;3;0;"Road To Recovery, The (4)"
20.00000;6889;18472;7;0;"Road To The North, The (4)"
20.00000;762;29710;7;0;"Roaring Mary (4)"
20.00000;5066;5066;2;0;"Roaringwater (4)"
20.00000;15465;28956;2;0;"Robbie Dagenais (4)"
20.00000;15465;28957;2;0;"Robbie Dagenais (4)"
20.00000;3260;3260;2;0;"Robinson's (4)"
20.00000;13342;23358;0;0;"Rod Alexander's (4)"
20.00000;87;23585;7;0;"Rolling In The Ryegrass (4)"
20.00000;88;32576;7;0;"Rolling Waves, The (1)"
20.00000;1696;1696;0;0;"Ronell's (4)"
20.00000;15196;28221;0;0;"Rousay (4)"
20.00000;9338;9338;3;0;"Running To Mull (7)"
20.00000;15390;28771;5;0;"Saileog Annie (4)"
20.00000;3140;3140;7;0;"Sailor's Wife, The (1)"
20.00000;3140;16251;5;0;"Sailor's Wife, The (1)"
20.00000;3140;16252;5;0;"Sailor's Wife, The (1)"
20.00000;3140;21812;5;0;"Sailor's Wife, The (1)"
20.00000;10858;10858;7;0;"Sally Ann's (4)"
20.00000;16880;32153;7;0;"Salty Wind, The (4)"
20.00000;11083;11083;7;0;"Sand Pit, The (4)"
20.00000;3234;16312;7;0;"Sandansko Oro (6)"
20.00000;4956;4956;7;0;"Sara's (4)"
20.00000;13461;23767;0;0;"Scan Tester's (3)"
20.00000;96;29433;10;0;"Scotch Mary (4)"
20.00000;548;13510;7;0;"Scotsman Over The Border, The (1)"
20.00000;12819;21851;2;0;"Scott Skinner's Compliments To Dr. MacDonald (2)"
20.00000;4826;4826;0;0;"Scottisch (3)"
20.00000;14712;27153;0;0;"Scutchers, The (4)"
20.00000;9686;9686;7;0;"Sean Kelly (4)"
20.00000;2249;29564;7;0;"Sean Reid's (4)"
20.00000;2249;20775;7;0;"Sean Reid's (4)"
20.00000;2443;2443;0;0;"Sept Temps (1)"
20.00000;9933;25030;5;0;"Setting Sail (1)"
20.00000;7987;7987;0;0;"Seven Of Eight (4)"
20.00000;17271;33085;0;0;"Seven Years (7)"
20.00000;615;13631;7;0;"Shaskeen, The (4)"
20.00000;615;22713;7;0;"Shaskeen, The (4)"
20.00000;3573;16599;0;0;"Shepherd's Hey (4)"
20.00000;2320;15690;7;0;"Shoe The Donkey (7)"
20.00000;7906;7906;7;0;"Shipley, The (0)"
20.00000;7908;7908;7;0;"Shipley, The (4)"
20.00000;11557;11557;0;0;"Short Mesure Off My Lady Wynkfylds Rownde, The (7)"
20.00000;1777;29950;7;0;"Showman's Fancy, The (0)"
20.00000;240;23292;7;0;"Silver Spire, The (4)"
20.00000;6874;6874;7;0;"Sir George MacKenzie (4)"
20.00000;7958;19212;7;0;"Sister, The (4)"
20.00000;3476;24814;7;0;"Siun's (4)"
20.00000;101;101;7;0;"Smash The Windows (1)"
20.00000;13802;25624;7;0;"Snake In The Cupboard (1)"
20.00000;13802;24763;7;0;"Snake In The Cupboard (1)"
20.00000;8900;19765;7;0;"Snuff Wife, The (1)"
20.00000;1356;14704;7;0;"Soldier's Joy (0)"
20.00000;1356;14707;7;0;"Soldier's Joy (0)"
20.00000;1752;1752;7;0;"South Shore, The (0)"
20.00000;15010;27746;7;0;"Spaniard, The (0)"
20.00000;15745;29595;7;0;"Sow's Lament For The Tatties (4)"
20.00000;8970;19798;0;0;"Spaghetti Panic (7)"
20.00000;8970;8970;0;0;"Spaghetti Panic (7)"
20.00000;901;14086;7;0;"Speed The Plough (4)"
20.00000;16720;31844;7;0;"Spider Murphys Onions (4)"
20.00000;2821;16023;7;0;"Spider's Web, The (1)"
20.00000;737;26652;7;0;"Spike Island Lasses, The (4)"
20.00000;10502;33454;0;0;"Spirit Of The Dance (1)"
20.00000;7763;19110;5;0;"Spirit Of Whiskey, The (6)"
20.00000;8209;19391;0;0;"Sportin' Belles (4)"
20.00000;8698;8698;0;0;"Sportsman's, The (0)"
20.00000;6481;6481;0;0;"St. Elmo's Fire (4)"
20.00000;11301;11301;0;0;"Staff In The Baggot, The (4)"
20.00000;1285;1285;7;0;"Staten Island (0)"
20.00000;1285;32856;0;0;"Staten Island (0)"
20.00000;690;13741;7;0;"Steampacket, The (4)"
20.00000;690;13743;7;0;"Steampacket, The (4)"
20.00000;690;13744;7;0;"Steampacket, The (4)"
20.00000;690;13745;7;0;"Steampacket, The (4)"
20.00000;17112;32732;0;0;"Steffaleken (7)"
20.00000;10348;10348;7;0;"Sting In The Tale (4)"
20.00000;10348;20314;2;0;"Sting In The Tale (4)"
20.00000;571;25775;7;0;"Stoney Steps (4)"
20.00000;3106;3106;7;0;"Stoney Steps, The (0)"
20.00000;3106;16226;0;0;"Stoney Steps, The (0)"
20.00000;4578;17142;7;0;"Stranger, The (0)"
20.00000;3452;3452;7;0;"Streamstown, The (1)"
20.00000;2739;23456;7;0;"Street Player, The (4)"
20.00000;2739;23856;7;0;"Street Player, The (4)"
20.00000;12984;22302;7;0;"Summer On The Tweed (1)"
20.00000;2586;15848;0;0;"Sunnyside, The (1)"
20.00000;2586;29634;0;0;"Sunnyside, The (1)"
20.00000;9942;9942;7;0;"Superfly (4)"
20.00000;9942;20141;7;0;"Superfly (4)"
20.00000;9942;28490;7;0;"Superfly (4)"
20.00000;1459;23927;7;0;"Sweeney's Dream (4)"
20.00000;1459;14850;7;0;"Sweeney's Dream (4)"
20.00000;12236;12236;9;0;"Sweet Is The Name Of Peggy (4)"
20.00000;13429;23680;7;0;"Swiss (7)"
20.00000;3664;16668;7;0;"Tanga's (4)"
20.00000;711;13774;7;0;"Tap Room, The (4)"
20.00000;560;13535;7;0;"Tarbolton, The (4)"
20.00000;15563;29178;10;0;"Tax Max Mazurkas, The (7)"
20.00000;10678;10678;0;0;"Taybank Shenanigans (4)"
20.00000;10678;20476;0;0;"Taybank Shenanigans (4)"
20.00000;16986;32423;0;0;"Teddy's Polka (2)"
20.00000;16986;32424;0;0;"Teddy's Polka (2)"
20.00000;114;114;7;0;"Teetotallers, The (4)"
20.00000;827;13977;7;0;"Templehouse, The (4)"
20.00000;109;12690;7;0;"Tenpenny Bit, The (1)"
20.00000;3973;3973;10;0;"Terry Crehan's (4)"
20.00000;8991;27372;7;0;"Thadelo's (2)"
20.00000;2611;23422;7;0;"Thank God We're Surrounded By Water (1)"
20.00000;8343;8343;7;0;"Theo Paige's (4)"
20.00000;17001;32464;0;0;"Thin Ice (6)"
20.00000;17001;32581;0;0;"Thin Ice (6)"
20.00000;17001;32690;0;0;"Thin Ice (6)"
20.00000;4417;29886;7;0;"Thomas Leixlip The Proud (1)"
20.00000;1582;14992;7;0;"Three Sisters, The (4)"
20.00000;1582;14993;7;0;"Three Sisters, The (4)"
20.00000;3488;3488;7;0;"Three-Headed Monster, The (4)"
20.00000;2151;2151;7;0;"Thrush In The Morning, The (4)"
20.00000;13193;22815;2;0;"Thunderbolt, The (4)"
20.00000;1192;1192;0;0;"Tich's (4)"
20.00000;136;26459;7;0;"Tie The Bonnet (4)"
20.00000;2572;15841;7;0;"Tie The Ribbons (4)"
20.00000;10131;34020;7;0;"Tim Fitzpatrick's (4)"
20.00000;10131;10131;7;0;"Tim Fitzpatrick's (4)"
20.00000;4832;17279;0;0;"Time Has Not Been Kind (1)"
20.00000;12916;22127;5;0;"Tom McElvogue's (6)"
20.00000;1630;15052;0;0;"Tombigbee (7)"
20.00000;17319;33211;0;0;"Tomorrow Shall Be My Dancing Day (7)"
20.00000;5473;5473;0;0;"Tongadale (4)"
20.00000;5473;24553;0;0;"Tongadale (4)"
20.00000;5473;28750;7;0;"Tongadale (4)"
20.00000;5473;31426;2;0;"Tongadale (4)"
20.00000;13329;23329;7;0;"Tony's Kitchen (4)"
20.00000;350;350;7;0;"Torn Jacket, The (4)"
20.00000;374;374;7;0;"Toss The Fiddles (4)"
20.00000;12156;12156;2;0;"Trip To Cultra, The (0)"
20.00000;3942;3942;7;0;"Trip To Killarney, The (1)"
20.00000;397;32351;7;0;"Trip To Sligo, The (1)"
20.00000;4059;16871;0;0;"Triumph, The (2)"
20.00000;4059;26286;0;0;"Triumph, The (2)"
20.00000;11976;11976;7;0;"Troll In The Mustard (1)"
20.00000;3100;28209;0;0;"Tureengarriv Glen (3)"
20.00000;16809;32016;7;0;"Uist Dance (4)"
20.00000;16809;32052;7;0;"Uist Dance (4)"
20.00000;964;964;7;0;"Up Against The Buachaláns (4)"
20.00000;964;30775;7;0;"Up Against The Buachaláns (4)"
20.00000;9574;9574;7;0;"Up Da Stroods (4)"
20.00000;9574;26458;7;0;"Up Da Stroods (4)"
20.00000;918;14107;7;0;"Up Downey (4)"
20.00000;12871;22022;9;0;"Vrikkjaren (2)"
20.00000;15369;28706;7;0;"Wagtail, The (4)"
20.00000;1454;1454;0;0;"Wallop The Potlid (1)"
20.00000;1687;15114;0;0;"Walsh's Fancy (4)"
20.00000;6904;6904;7;0;"Walter Douglas (3)"
20.00000;2312;33914;2;0;"Wanderer, The (1)"
20.00000;2025;28885;7;0;"Wandering Minstrel, The (1)"
20.00000;10539;10539;7;0;"Water Under The Bridge (4)"
20.00000;14778;27280;10;0;"Waves At Dingle, The (4)"
20.00000;7554;32790;7;0;"West End, The (0)"
20.00000;14994;27710;7;0;"Western Lilt (4)"
20.00000;10699;10699;7;0;"Where's Me Glasses (0)"
20.00000;602;13614;7;0;"Whiskey Before Breakfast (4)"
20.00000;602;13613;7;0;"Whiskey Before Breakfast (4)"
20.00000;586;20676;7;0;"Whistling Postman, The (4)"
20.00000;586;20716;7;0;"Whistling Postman, The (4)"
20.00000;9570;9570;7;0;"Whistling Postman, The (0)"
20.00000;586;30939;7;0;"Whistling Postman, The (4)"
20.00000;586;13582;7;0;"Whistling Postman, The (4)"
20.00000;586;22899;7;0;"Whistling Postman, The (4)"
20.00000;11628;11628;0;0;"White Crow, The (4)"
20.00000;11628;32816;0;0;"White Crow, The (4)"
20.00000;2337;23432;7;0;"Will You Come Down To Limerick (6)"
20.00000;14763;31080;7;0;"Willie Murray's (4)"
20.00000;16456;31185;5;0;"Willows Peccadilloes (4)"
20.00000;10302;10302;7;0;"Wine Shower (4)"
20.00000;425;14897;7;0;"Wink And She'll Follow You (6)"
20.00000;425;14898;2;0;"Wink And She'll Follow You (6)"
20.00000;7335;7335;7;0;"Wise Maid, The (4)"
20.00000;14511;26731;7;0;"Witches' Coven, The (4)"
20.00000;2621;2621;7;0;"Witch Of The Waves, The (4)"
20.00000;337;13125;0;0;"Wonder, The (0)"
20.00000;9540;9540;7;0;"Wooden Table, The (0)"
20.00000;10495;10495;7;0;"Wooden Whale (4)"
20.00000;2828;2828;2;0;"Wren, The (4)"
20.00000;2828;16034;2;0;"Wren, The (4)"
20.00000;7694;7694;7;0;"Wrong Box, The (5)"
20.00000;5411;5411;7;0;"Wrong Foot Forward (6)"
20.00000;5411;17574;2;0;"Wrong Foot Forward (6)"
20.00000;5411;25867;7;0;"Wrong Foot Forward (6)"
20.00000;14515;26748;0;0;"Y Delyn Newydd (3)"
20.00000;13836;24833;7;0;"Yankee Cabbage (4)"
20.00000;13015;22381;0;0;"Young Collins (2)"
20.00000;10446;10446;0;0;"Zycanthos (1)"
20.00000;15.00000;89
